0 0.50890625 0.530125 0.945625 0.857
0 0.189609375 0.4605625 0.29437500000000005 0.25399999999999995
0 0.25609375 0.3480625 0.336875 0.3790000000000001
0 0.161640625 0.265 0.05124999999999999 0.05299999999999998
0 0.168359375 0.228625 0.044375 0.03300000000000001
0 0.440234375 0.2588125 0.075625 0.11699999999999999
0 0.56703125 0.257 0.040000000000000036 0.050999999999999934
0 0.6214453125 0.28125 0.12062499999999998 0.06400000000000002
0 0.7428125 0.31325000000000003 0.17312499999999997 0.11499999999999995
0 0.8676171875 0.298375 0.053749999999999964 0.07000000000000002
