0 0.18156250000000002 0.6061179416909621 0.234375 0.12966399999999997
0 0.356796875 0.5927065860058309 0.15375 0.11287399999999997
0 0.4409765625 0.5889729708454811 0.03437499999999999 0.06529900000000002
0 0.4515625 0.5845997930029154 0.048750000000000016 0.056902999999999926
0 0.67984375 0.5771367930029154 0.05625000000000002 0.056902999999999926
0 0.7173828125 0.5770772594752187 0.010624999999999996 0.03078400000000006
0 0.7671484375 0.5789432594752186 0.030625000000000013 0.030783000000000015
0 0.8780078125 0.5716650903790088 0.19874999999999998 0.20242499999999997
0 0.9734375 0.5802887638483966 0.046875 0.12033600000000001
0 0.9874609375 0.5710746005830903 0.015000000000000013 0.08022400000000006
