0 0.12255175 0.4329514444444445 0.024167000000000008 0.040283999999999924
0 0.180546875 0.45946555555555557 0.1225 0.062796
0 0.206015625 0.48181300000000005 0.08249999999999999 0.07701399999999994
0 0.2748310625 0.493009 0.11249999999999999 0.050948000000000035
0 0.3291796875 0.4850844444444445 0.07 0.04146900000000002
0 0.3165751875 0.5054303333333333 0.023333999999999966 0.043839000000000065
0 0.3589189375 0.5288768888888888 0.07750000000000001 0.103081
0 0.50671875 0.5176012222222223 0.27416700000000005 0.09478699999999994
0 0.605338875 0.49978888888888884 0.15333299999999994 0.07820000000000012
0 0.660807625 0.5218537777777779 0.11499999999999999 0.05805699999999992
0 0.729557625 0.5578458888888889 0.17583300000000002 0.07938399999999998
