ID,x,y,conf_score,speed
4.0,785.0,260.5,0.2538638114929199,N/A
2.0,10.5,411.0,0.27234533429145813,N/A
3.0,160.0,619.0,0.27728915214538574,N/A
5.0,230.5,600.5,0.2649376094341278,N/A
1.0,37.0,595.5,0.311160683631897,N/A
7.0,726.5,261.0,0.2893548905849457,81.0
11.0,31.0,620.0,0.3042527437210083,N/A
12.0,4.5,406.0,0.2800605893135071,N/A
14.0,678.0,260.5,0.25541678071022034,86.4
17.0,780.5,259.5,0.33818313479423523,81.0
18.0,729.0,259.5,0.28214341402053833,86.4
19.0,14.0,399.0,0.26326894760131836,N/A
21.0,801.5,258.0,0.3266098201274872,92.57
26.0,26.0,482.5,0.2727110683917999,N/A
30.0,679.5,259.0,0.26070570945739746,108.0
28.0,735.0,259.0,0.2592913508415222,92.57
31.0,112.5,500.0,0.39403262734413147,N/A
32.0,176.5,359.5,0.39403262734413147,N/A
33.0,75.0,351.0,0.39403262734413147,N/A
36.0,461.5,283.5,0.39403262734413147,N/A
