,ID,x,y,conf_score,speed
0,1.0,432.5,335.5,0.4950013756752014,N/A
1,1.0,429.0,341.0,0.40641409158706665,N/A
2,1.0,424.0,345.5,0.464751273393631,N/A
3,1.0,418.5,352.0,0.26641955971717834,N/A
4,1.0,413.0,359.5,0.44879046082496643,N/A
5,1.0,404.0,365.5,0.3728494942188263,N/A
6,1.0,395.5,373.5,0.37691256403923035,N/A
7,1.0,387.0,380.5,0.6584609150886536,N/A
8,1.0,384.5,388.0,0.6279886960983276,N/A
9,4.0,1180.5,589.5,0.6279886960983276,...
10,1.0,376.0,396.5,0.613046407699585,N/A
11,4.0,1173.0,566.5,0.613046407699585,...
12,1.0,371.0,406.0,0.25554367899894714,N/A
13,4.0,1145.5,546.5,0.25554367899894714,...
14,1.0,359.5,415.5,0.31465771794319153,N/A
15,4.0,1114.5,529.5,0.31465771794319153,...
16,1.0,349.0,427.0,0.31160059571266174,N/A
17,4.0,1091.0,512.5,0.31160059571266174,...
18,6.0,470.0,310.5,0.31160059571266174,N/A
19,1.0,336.5,437.5,0.2608230412006378,N/A
20,4.0,1067.5,498.0,0.2608230412006378,...
21,6.0,467.0,314.0,0.2608230412006378,N/A
22,1.0,328.5,450.5,0.25568732619285583,N/A
23,4.0,1045.0,483.5,0.25568732619285583,...
24,6.0,461.5,318.5,0.25568732619285583,N/A
25,1.0,316.5,464.5,0.2791610360145569,N/A
26,4.0,1028.0,471.0,0.2791610360145569,...
27,6.0,455.0,323.0,0.2791610360145569,N/A
28,1.0,300.5,479.0,0.2595881223678589,N/A
29,4.0,1010.5,459.5,0.2595881223678589,...
30,6.0,450.5,326.0,0.2595881223678589,N/A
31,1.0,283.5,496.0,0.43135684728622437,N/A
32,4.0,994.5,448.5,0.43135684728622437,...
33,6.0,447.0,329.5,0.43135684728622437,N/A
34,1.0,267.5,513.0,0.3659196197986603,N/A
35,4.0,981.0,437.0,0.3659196197986603,...
36,9.0,383.5,313.0,0.3659196197986603,N/A
37,1.0,243.5,532.5,0.30175456404685974,N/A
38,4.0,967.5,428.0,0.30175456404685974,...
39,6.0,439.5,338.5,0.30175456404685974,N/A
40,9.0,378.5,316.0,0.30175456404685974,N/A
41,1.0,221.5,552.5,0.34095391631126404,N/A
42,4.0,955.5,418.5,0.34095391631126404,...
43,6.0,441.5,343.0,0.34095391631126404,N/A
44,9.0,372.0,319.0,0.34095391631126404,N/A
45,1.0,196.0,575.0,0.34593504667282104,N/A
46,4.0,943.0,409.5,0.34593504667282104,...
47,6.0,431.5,348.5,0.34593504667282104,N/A
48,9.0,367.5,323.0,0.34593504667282104,N/A
49,1.0,168.5,601.5,0.26431554555892944,N/A
50,4.0,932.0,404.5,0.26431554555892944,...
51,6.0,428.5,352.5,0.26431554555892944,N/A
52,9.0,361.5,326.0,0.26431554555892944,N/A
53,1.0,155.5,614.0,0.32679691910743713,N/A
54,4.0,921.5,397.0,0.32679691910743713,...
55,6.0,423.0,361.5,0.32679691910743713,N/A
56,9.0,359.5,328.0,0.32679691910743713,N/A
57,4.0,912.0,390.5,0.2788204550743103,...
58,6.0,413.0,369.0,0.2788204550743103,N/A
59,9.0,351.0,332.5,0.2788204550743103,N/A
60,4.0,905.0,385.5,0.2701951861381531,...
61,6.0,406.5,377.5,0.2701951861381531,N/A
62,9.0,345.5,337.0,0.2701951861381531,N/A
63,4.0,897.0,379.0,0.41770023107528687,...
64,6.0,400.5,384.5,0.41770023107528687,N/A
65,9.0,340.5,340.0,0.41770023107528687,N/A
66,4.0,886.0,374.5,0.2960747480392456,...
67,6.0,396.0,393.5,0.2960747480392456,N/A
68,9.0,336.0,344.5,0.2960747480392456,N/A
69,4.0,879.0,368.5,0.3123328983783722,...
70,6.0,391.0,403.0,0.3123328983783722,N/A
71,9.0,326.5,349.5,0.3123328983783722,N/A
72,4.0,868.0,360.5,0.268076092004776,...
73,6.0,381.5,413.0,0.268076092004776,N/A
74,9.0,319.5,355.0,0.268076092004776,N/A
75,4.0,866.5,359.0,0.2570817768573761,...
76,6.0,371.0,423.5,0.2570817768573761,N/A
77,9.0,312.0,360.5,0.2570817768573761,N/A
78,4.0,861.0,354.0,0.38096746802330017,...
79,6.0,360.0,435.5,0.38096746802330017,N/A
80,9.0,304.0,364.5,0.38096746802330017,N/A
81,4.0,857.0,350.0,0.32002657651901245,...
82,6.0,349.0,449.5,0.32002657651901245,N/A
83,9.0,292.5,371.0,0.32002657651901245,N/A
84,4.0,849.5,345.5,0.32552772760391235,...
85,6.0,338.5,464.0,0.32552772760391235,N/A
86,9.0,283.0,379.0,0.32552772760391235,N/A
87,4.0,843.0,341.0,0.32778531312942505,...
88,6.0,327.0,480.0,0.32778531312942505,N/A
89,9.0,273.0,384.5,0.32778531312942505,N/A
90,4.0,837.0,337.0,0.2528691589832306,...
91,6.0,312.5,496.0,0.2528691589832306,N/A
92,9.0,264.5,392.5,0.2528691589832306,N/A
93,4.0,829.0,331.5,0.5482215881347656,...
94,6.0,300.0,517.5,0.5482215881347656,N/A
95,9.0,253.5,399.5,0.5482215881347656,N/A
96,4.0,827.5,333.0,0.3236914277076721,...
97,6.0,282.5,540.0,0.3236914277076721,N/A
98,9.0,240.0,407.5,0.3236914277076721,N/A
99,4.0,821.0,328.5,0.4737694263458252,172.8
100,6.0,261.5,562.5,0.4737694263458252,N/A
101,9.0,229.0,415.0,0.4737694263458252,N/A
102,6.0,232.5,586.5,0.312421590089798,N/A
103,9.0,217.0,426.5,0.312421590089798,N/A
104,4.0,812.0,322.5,0.2873993515968323,172.8
105,6.0,222.5,599.0,0.2873993515968323,N/A
106,9.0,203.0,437.5,0.2873993515968323,N/A
107,4.0,809.0,319.0,0.2670784294605255,172.8
108,9.0,189.5,447.0,0.2670784294605255,N/A
109,4.0,806.5,317.0,0.29451632499694824,172.8
110,9.0,175.5,458.0,0.29451632499694824,N/A
111,4.0,801.5,313.5,0.2935296297073364,172.8
112,9.0,158.0,471.0,0.2935296297073364,N/A
113,9.0,139.5,484.0,0.38538870215415955,N/A
114,9.0,117.5,498.0,0.5255393981933594,N/A
115,9.0,98.5,513.0,0.6092583537101746,N/A
116,9.0,85.0,527.5,0.6322059631347656,N/A
117,9.0,73.5,546.0,0.6091381311416626,N/A
118,9.0,60.5,564.5,0.38670188188552856,N/A
119,9.0,48.5,575.0,0.5824767351150513,N/A
120,15.0,955.0,572.5,0.44758501648902893,...
121,15.0,931.0,552.0,0.568557620048523,...
122,15.0,905.5,530.5,0.4730130434036255,...
123,15.0,889.5,512.0,0.276169091463089,...
124,15.0,875.0,496.0,0.3970722258090973,...
125,15.0,857.5,479.0,0.38359522819519043,...
126,18.0,1160.5,451.0,0.433527410030365,...
127,19.0,365.5,326.5,0.433527410030365,N/A
128,18.0,1140.5,438.0,0.4504220485687256,...
129,19.0,362.5,329.0,0.4504220485687256,N/A
130,18.0,1121.5,432.0,0.4584839642047882,...
131,19.0,356.0,333.5,0.4584839642047882,N/A
132,18.0,1104.0,422.0,0.41346025466918945,...
133,19.0,348.5,338.0,0.41346025466918945,N/A
134,18.0,1087.5,417.0,0.2506287693977356,...
135,19.0,345.0,340.5,0.2506287693977356,N/A
136,18.0,1073.5,408.0,0.2652190029621124,...
137,19.0,338.0,344.5,0.2652190029621124,N/A
138,20.0,1178.5,592.5,0.2652190029621124,...
139,18.0,1058.0,400.0,0.40542468428611755,...
140,19.0,330.5,350.5,0.40542468428611755,N/A
141,20.0,1155.0,570.0,0.40542468428611755,...
142,18.0,1044.0,393.0,0.45954614877700806,...
143,19.0,325.0,355.0,0.45954614877700806,N/A
144,20.0,1128.5,547.5,0.45954614877700806,...
145,18.0,1031.0,387.0,0.27678635716438293,...
146,19.0,320.0,358.5,0.27678635716438293,N/A
147,20.0,1100.0,527.0,0.27678635716438293,...
148,18.0,1020.0,382.5,0.34991326928138733,...
149,19.0,304.5,366.0,0.34991326928138733,N/A
150,20.0,1074.0,507.5,0.34991326928138733,...
151,18.0,1007.5,377.0,0.4743616580963135,...
152,19.0,295.0,372.5,0.4743616580963135,N/A
153,20.0,1050.0,494.5,0.4743616580963135,...
154,18.0,1000.0,372.5,0.26519039273262024,...
155,19.0,287.0,378.0,0.26519039273262024,N/A
156,20.0,1029.5,478.0,0.26519039273262024,...
157,18.0,990.5,368.0,0.4574615955352783,...
158,19.0,277.5,384.0,0.4574615955352783,N/A
159,20.0,1011.5,465.0,0.4574615955352783,...
160,18.0,980.5,364.0,0.40762069821357727,...
161,19.0,269.5,391.5,0.40762069821357727,N/A
162,20.0,992.5,455.0,0.40762069821357727,...
163,18.0,972.5,358.5,0.3580288290977478,...
164,19.0,260.5,399.0,0.3580288290977478,N/A
165,20.0,978.0,440.0,0.3580288290977478,...
166,18.0,962.0,353.5,0.47470206022262573,...
167,19.0,250.5,406.0,0.47470206022262573,N/A
168,20.0,963.5,431.0,0.47470206022262573,...
169,18.0,956.0,350.5,0.3730306029319763,...
170,19.0,238.5,413.5,0.3730306029319763,N/A
171,20.0,949.0,417.5,0.3730306029319763,...
172,18.0,946.5,345.5,0.3281066119670868,...
173,19.0,227.0,424.0,0.3281066119670868,N/A
174,20.0,939.0,410.5,0.3281066119670868,...
175,18.0,940.0,341.5,0.37244608998298645,...
176,19.0,214.5,432.5,0.37244608998298645,N/A
177,20.0,928.0,404.0,0.37244608998298645,...
178,18.0,930.5,338.0,0.4469330608844757,...
179,19.0,203.5,442.5,0.4469330608844757,N/A
180,20.0,915.5,396.0,0.4469330608844757,...
181,18.0,923.0,334.5,0.2990868389606476,...
182,19.0,188.5,454.5,0.2990868389606476,N/A
183,20.0,905.5,389.0,0.2990868389606476,...
184,18.0,913.5,330.0,0.420805424451828,...
185,19.0,174.5,465.5,0.420805424451828,N/A
186,20.0,895.5,382.5,0.420805424451828,...
187,18.0,910.0,327.0,0.252447247505188,...
188,19.0,157.0,476.0,0.252447247505188,N/A
189,20.0,884.5,375.5,0.252447247505188,...
190,18.0,906.0,324.0,0.26808837056159973,...
191,19.0,138.5,490.5,0.26808837056159973,N/A
192,20.0,877.5,370.5,0.26808837056159973,...
193,18.0,902.5,322.0,0.28959181904792786,162.0
194,19.0,117.5,505.5,0.28959181904792786,N/A
195,20.0,868.0,365.5,0.28959181904792786,...
196,18.0,895.5,318.0,0.3394083082675934,162.0
197,19.0,101.0,519.5,0.3394083082675934,N/A
198,20.0,862.0,360.0,0.3394083082675934,...
199,18.0,892.0,319.0,0.2761547267436981,162.0
200,19.0,89.5,536.5,0.2761547267436981,N/A
201,20.0,856.5,354.0,0.2761547267436981,...
202,18.0,887.0,312.5,0.33428117632865906,162.0
203,19.0,76.5,558.0,0.33428117632865906,N/A
204,20.0,849.5,349.5,0.33428117632865906,...
205,26.0,1173.5,411.5,0.33428117632865906,...
206,18.0,879.5,308.5,0.258602112531662,162.0
207,19.0,66.0,576.5,0.258602112531662,N/A
208,20.0,839.0,342.5,0.258602112531662,...
209,26.0,1164.0,407.0,0.258602112531662,...
210,18.0,876.0,305.0,0.46692436933517456,162.0
211,19.0,54.5,587.5,0.46692436933517456,N/A
212,20.0,835.0,337.0,0.46692436933517456,...
213,26.0,1135.0,394.0,0.46692436933517456,...
214,18.0,871.5,302.5,0.34452688694000244,162.0
215,20.0,830.0,334.0,0.34452688694000244,...
216,26.0,1118.5,388.0,0.34452688694000244,...
217,18.0,865.0,299.0,0.37304210662841797,162.0
218,20.0,824.0,331.5,0.37304210662841797,...
219,26.0,1101.0,382.0,0.37304210662841797,...
220,18.0,863.0,298.0,0.26732903718948364,162.0
221,20.0,819.5,326.5,0.26732903718948364,...
222,26.0,1085.5,375.5,0.26732903718948364,...
223,18.0,857.5,296.0,0.25202715396881104,162.0
224,20.0,815.0,323.5,0.25202715396881104,185.14
225,26.0,1070.0,368.5,0.25202715396881104,...
226,18.0,852.0,293.0,0.3211515247821808,162.0
227,20.0,810.0,321.5,0.3211515247821808,185.14
228,26.0,1056.0,364.5,0.3211515247821808,...
229,18.0,848.0,291.5,0.2597258687019348,162.0
230,20.0,803.0,316.5,0.2597258687019348,185.14
231,26.0,1046.5,360.0,0.2597258687019348,...
232,18.0,842.5,289.0,0.315142959356308,162.0
233,26.0,1032.0,354.0,0.315142959356308,...
234,26.0,1022.5,350.0,0.28018397092819214,...
235,26.0,1008.5,344.5,0.3010730743408203,...
236,32.0,1171.5,564.0,0.7886806726455688,...
237,32.0,1154.0,543.0,0.3470579981803894,...
238,32.0,1122.0,522.0,0.32698723673820496,...
239,32.0,1097.0,504.0,0.25788024067878723,...
240,32.0,1074.5,489.5,0.3502964973449707,...
241,32.0,1052.0,475.0,0.30036383867263794,...
242,33.0,984.0,604.0,0.30036383867263794,...
243,32.0,1031.5,462.0,0.27877315878868103,...
244,33.0,959.0,577.5,0.27877315878868103,...
245,32.0,1012.5,449.5,0.3027450442314148,...
246,33.0,934.0,556.0,0.3027450442314148,...
247,32.0,998.0,436.5,0.5954487919807434,...
248,33.0,909.0,531.0,0.5954487919807434,...
249,32.0,983.0,427.0,0.27151063084602356,...
250,33.0,891.5,510.0,0.27151063084602356,...
251,32.0,967.5,416.5,0.3484862148761749,...
252,33.0,875.5,489.5,0.3484862148761749,...
253,32.0,954.0,407.0,0.43840721249580383,...
254,33.0,862.0,470.0,0.43840721249580383,...
255,32.0,940.5,400.5,0.4489363729953766,...
256,33.0,853.0,457.0,0.4489363729953766,...
257,32.0,930.0,394.0,0.4525105953216553,...
258,33.0,840.5,441.0,0.4525105953216553,...
259,32.0,919.5,386.0,0.43640315532684326,...
260,33.0,828.5,429.5,0.43640315532684326,...
261,32.0,910.0,378.5,0.30764445662498474,...
262,33.0,819.5,418.5,0.30764445662498474,...
263,32.0,900.0,373.5,0.3762303590774536,...
264,33.0,812.5,409.0,0.3762303590774536,...
265,32.0,892.5,368.0,0.2928672730922699,...
266,33.0,804.5,401.0,0.2928672730922699,...
267,32.0,884.0,362.5,0.3602864146232605,...
268,33.0,794.5,393.0,0.3602864146232605,...
269,32.0,875.0,357.5,0.32160434126853943,...
270,33.0,786.0,386.0,0.32160434126853943,...
271,35.0,222.5,355.5,0.32160434126853943,N/A
272,32.0,869.0,351.5,0.39371269941329956,...
273,33.0,777.5,378.5,0.39371269941329956,...
274,35.0,213.5,359.0,0.39371269941329956,N/A
275,32.0,863.0,347.5,0.2934296429157257,...
276,33.0,773.5,370.5,0.2934296429157257,...
277,35.0,202.0,365.5,0.2934296429157257,N/A
278,32.0,856.0,344.5,0.26873815059661865,...
279,33.0,767.5,363.0,0.26873815059661865,...
280,35.0,190.5,371.0,0.26873815059661865,N/A
281,32.0,850.5,336.5,0.4366723299026489,...
282,33.0,763.5,358.0,0.4366723299026489,...
283,35.0,177.5,377.5,0.4366723299026489,N/A
284,32.0,844.0,333.0,0.25446951389312744,...
285,33.0,759.0,351.5,0.25446951389312744,...
286,35.0,164.0,384.0,0.25446951389312744,N/A
287,32.0,838.0,329.0,0.3809612989425659,...
288,33.0,752.0,347.5,0.3809612989425659,...
289,35.0,152.0,389.0,0.3809612989425659,N/A
290,32.0,831.0,326.0,0.38345763087272644,...
291,33.0,745.5,336.0,0.38345763087272644,...
292,35.0,139.0,398.0,0.38345763087272644,N/A
293,32.0,827.0,322.5,0.5139482617378235,...
294,33.0,741.5,330.5,0.5139482617378235,...
295,35.0,125.0,405.0,0.5139482617378235,N/A
296,32.0,822.5,319.5,0.30368727445602417,172.8
297,33.0,739.0,327.5,0.30368727445602417,...
298,35.0,110.5,414.5,0.30368727445602417,N/A
299,32.0,817.0,317.5,0.2969503700733185,172.8
300,33.0,735.5,324.5,0.2969503700733185,216.0
301,35.0,94.5,422.5,0.2969503700733185,N/A
302,32.0,814.5,316.0,0.34613311290740967,172.8
303,33.0,734.0,322.0,0.34613311290740967,216.0
304,35.0,83.5,429.5,0.34613311290740967,N/A
305,32.0,811.0,314.0,0.29372406005859375,172.8
306,33.0,732.5,319.5,0.29372406005859375,216.0
307,35.0,72.5,435.5,0.29372406005859375,N/A
308,37.0,367.0,271.5,0.29372406005859375,N/A
309,32.0,806.5,310.0,0.2508241832256317,172.8
310,33.0,727.5,313.5,0.2508241832256317,216.0
311,35.0,62.5,442.0,0.2508241832256317,N/A
312,37.0,363.0,272.5,0.2508241832256317,N/A
313,32.0,801.0,305.5,0.27204659581184387,172.8
314,35.0,54.5,447.5,0.27204659581184387,N/A
315,37.0,358.0,274.0,0.27204659581184387,N/A
316,35.0,43.5,454.0,0.30346935987472534,N/A
317,37.0,355.0,274.5,0.30346935987472534,N/A
318,37.0,334.0,287.0,0.2893669903278351,N/A
319,37.0,330.0,288.0,0.27599188685417175,N/A
320,40.0,392.5,310.5,0.27599188685417175,N/A
321,37.0,327.5,287.5,0.31907710433006287,N/A
322,40.0,384.5,315.0,0.31907710433006287,N/A
323,37.0,324.5,289.0,0.45701271295547485,N/A
324,40.0,379.5,318.0,0.45701271295547485,N/A
325,40.0,375.0,321.0,0.4512287676334381,N/A
326,40.0,368.5,326.0,0.26296570897102356,N/A
327,37.0,314.0,295.0,0.28005078434944153,N/A
328,40.0,367.0,329.0,0.28005078434944153,N/A
329,37.0,311.0,296.5,0.3317989706993103,N/A
330,40.0,361.0,332.5,0.3317989706993103,N/A
331,40.0,356.5,336.0,0.26230496168136597,N/A
332,37.0,298.0,304.0,0.28946390748023987,N/A
333,40.0,352.0,340.5,0.28946390748023987,N/A
334,37.0,291.0,306.0,0.2678738236427307,N/A
335,40.0,345.5,345.5,0.2678738236427307,N/A
336,37.0,289.5,308.5,0.316667765378952,N/A
337,40.0,338.0,351.0,0.316667765378952,N/A
338,37.0,285.5,310.5,0.6144944429397583,N/A
339,40.0,332.5,357.5,0.6144944429397583,N/A
340,40.0,323.5,363.0,0.2871580719947815,N/A
341,37.0,272.0,317.0,0.26570239663124084,N/A
342,40.0,314.5,368.0,0.26570239663124084,N/A
343,37.0,267.5,318.0,0.27117276191711426,N/A
344,40.0,300.5,374.5,0.27117276191711426,N/A
345,37.0,261.0,320.5,0.28484851121902466,N/A
346,40.0,286.5,381.0,0.28484851121902466,N/A
347,37.0,258.5,323.5,0.2589344084262848,N/A
348,40.0,278.5,386.5,0.2589344084262848,N/A
349,37.0,253.5,325.0,0.3544102907180786,N/A
350,40.0,266.5,393.5,0.3544102907180786,N/A
351,37.0,247.5,328.5,0.2568751871585846,N/A
352,40.0,254.5,402.0,0.2568751871585846,N/A
353,37.0,238.5,331.0,0.47142043709754944,N/A
354,40.0,240.5,411.5,0.47142043709754944,N/A
355,37.0,234.0,335.0,0.49824225902557373,N/A
356,40.0,228.0,421.0,0.49824225902557373,N/A
357,45.0,151.5,324.5,0.49824225902557373,N/A
358,37.0,228.0,340.0,0.5432490706443787,N/A
359,40.0,214.5,429.0,0.5432490706443787,N/A
360,45.0,145.5,326.5,0.5432490706443787,N/A
361,37.0,220.0,344.5,0.4431998133659363,N/A
362,40.0,197.0,440.5,0.4431998133659363,N/A
363,45.0,131.0,332.0,0.4431998133659363,N/A
364,37.0,210.0,347.5,0.4928706884384155,N/A
365,40.0,181.0,449.5,0.4928706884384155,N/A
366,45.0,122.0,335.0,0.4928706884384155,N/A
367,37.0,203.5,350.5,0.31823408603668213,N/A
368,40.0,163.5,458.5,0.31823408603668213,N/A
369,45.0,111.5,338.0,0.31823408603668213,N/A
370,37.0,193.0,353.5,0.35463860630989075,N/A
371,40.0,143.0,472.0,0.35463860630989075,N/A
372,45.0,101.0,341.0,0.35463860630989075,N/A
373,37.0,183.5,356.0,0.32412242889404297,N/A
374,40.0,122.0,484.5,0.32412242889404297,N/A
375,45.0,85.0,345.0,0.32412242889404297,N/A
376,46.0,461.0,281.5,0.32412242889404297,N/A
377,37.0,175.0,361.5,0.25791698694229126,N/A
378,40.0,107.0,498.0,0.25791698694229126,N/A
379,45.0,71.5,349.5,0.25791698694229126,N/A
380,46.0,456.0,282.0,0.25791698694229126,N/A
