ID,x,y,speed
1.0,432.5,335.5,NA
1.0,429.0,341.0,NA
1.0,424.0,345.5,NA
1.0,418.5,352.0,NA
1.0,413.0,359.5,NA
1.0,404.0,365.5,NA
1.0,395.5,373.5,NA
1.0,387.0,380.5,NA
1.0,384.5,388.0,NA
4.0,1180.5,589.5,...
1.0,376.0,396.5,NA
4.0,1173.0,566.5,...
1.0,371.0,406.0,NA
4.0,1145.5,546.5,...
1.0,359.5,415.5,NA
4.0,1114.5,529.5,...
1.0,349.0,427.0,NA
4.0,1091.0,512.5,...
6.0,470.0,310.5,NA
1.0,336.5,437.5,NA
4.0,1067.5,498.0,...
6.0,467.0,314.0,NA
1.0,328.5,450.5,NA
4.0,1045.0,483.5,...
6.0,461.5,318.5,NA
1.0,316.5,464.5,NA
4.0,1028.0,471.0,...
6.0,455.0,323.0,NA
1.0,300.5,479.0,NA
4.0,1010.5,459.5,...
6.0,450.5,326.0,NA
1.0,283.5,496.0,NA
4.0,994.5,448.5,...
6.0,447.0,329.5,NA
1.0,267.5,513.0,NA
4.0,981.0,437.0,...
9.0,383.5,313.0,NA
1.0,243.5,532.5,NA
4.0,967.5,428.0,...
6.0,439.5,338.5,NA
9.0,378.5,316.0,NA
1.0,221.5,552.5,NA
4.0,955.5,418.5,...
6.0,441.5,343.0,NA
9.0,372.0,319.0,NA
1.0,196.0,575.0,NA
4.0,943.0,409.5,...
6.0,431.5,348.5,NA
9.0,367.5,323.0,NA
1.0,168.5,601.5,NA
4.0,932.0,404.5,...
6.0,428.5,352.5,NA
9.0,361.5,326.0,NA
1.0,155.5,614.0,NA
4.0,921.5,397.0,...
6.0,423.0,361.5,NA
9.0,359.5,328.0,NA
4.0,912.0,390.5,...
6.0,413.0,369.0,NA
9.0,351.0,332.5,NA
4.0,905.0,385.5,...
6.0,406.5,377.5,NA
9.0,345.5,337.0,NA
4.0,897.0,379.0,...
6.0,400.5,384.5,NA
9.0,340.5,340.0,NA
4.0,886.0,374.5,...
6.0,396.0,393.5,NA
9.0,336.0,344.5,NA
4.0,879.0,368.5,...
6.0,391.0,403.0,NA
9.0,326.5,349.5,NA
4.0,868.0,360.5,...
6.0,381.5,413.0,NA
9.0,319.5,355.0,NA
4.0,866.5,359.0,...
6.0,371.0,423.5,NA
9.0,312.0,360.5,NA
4.0,861.0,354.0,...
6.0,360.0,435.5,NA
9.0,304.0,364.5,NA
4.0,857.0,350.0,...
6.0,349.0,449.5,NA
9.0,292.5,371.0,NA
4.0,849.5,345.5,...
6.0,338.5,464.0,NA
9.0,283.0,379.0,NA
4.0,843.0,341.0,...
6.0,327.0,480.0,NA
9.0,273.0,384.5,NA
4.0,837.0,337.0,...
6.0,312.5,496.0,NA
9.0,264.5,392.5,NA
4.0,829.0,331.5,...
6.0,300.0,517.5,NA
9.0,253.5,399.5,NA
4.0,827.5,333.0,...
6.0,282.5,540.0,NA
9.0,240.0,407.5,NA
4.0,821.0,328.5,79.2
6.0,261.5,562.5,NA
9.0,229.0,415.0,NA
6.0,232.5,586.5,NA
9.0,217.0,426.5,NA
4.0,812.0,322.5,79.2
6.0,222.5,599.0,NA
9.0,203.0,437.5,NA
4.0,809.0,319.0,79.2
9.0,189.5,447.0,NA
4.0,806.5,317.0,79.2
9.0,175.5,458.0,NA
4.0,801.5,313.5,79.2
9.0,158.0,471.0,NA
9.0,139.5,484.0,NA
9.0,117.5,498.0,NA
9.0,98.5,513.0,NA
9.0,85.0,527.5,NA
9.0,73.5,546.0,NA
9.0,60.5,564.5,NA
9.0,48.5,575.0,NA
15.0,955.0,572.5,...
15.0,931.0,552.0,...
15.0,905.5,530.5,...
15.0,889.5,512.0,...
15.0,875.0,496.0,...
15.0,857.5,479.0,...
18.0,1160.5,451.0,...
19.0,365.5,326.5,NA
18.0,1140.5,438.0,...
19.0,362.5,329.0,NA
18.0,1121.5,432.0,...
19.0,356.0,333.5,NA
18.0,1104.0,422.0,...
19.0,348.5,338.0,NA
18.0,1087.5,417.0,...
19.0,345.0,340.5,NA
18.0,1073.5,408.0,...
19.0,338.0,344.5,NA
20.0,1178.5,592.5,...
18.0,1058.0,400.0,...
19.0,330.5,350.5,NA
20.0,1155.0,570.0,...
18.0,1044.0,393.0,...
19.0,325.0,355.0,NA
20.0,1128.5,547.5,...
18.0,1031.0,387.0,...
19.0,320.0,358.5,NA
20.0,1100.0,527.0,...
18.0,1020.0,382.5,...
19.0,304.5,366.0,NA
20.0,1074.0,507.5,...
18.0,1007.5,377.0,...
19.0,295.0,372.5,NA
20.0,1050.0,494.5,...
18.0,1000.0,372.5,...
19.0,287.0,378.0,NA
20.0,1029.5,478.0,...
18.0,990.5,368.0,...
19.0,277.5,384.0,NA
20.0,1011.5,465.0,...
18.0,980.5,364.0,...
19.0,269.5,391.5,NA
20.0,992.5,455.0,...
18.0,972.5,358.5,...
19.0,260.5,399.0,NA
20.0,978.0,440.0,...
18.0,962.0,353.5,...
19.0,250.5,406.0,NA
20.0,963.5,431.0,...
18.0,956.0,350.5,...
19.0,238.5,413.5,NA
20.0,949.0,417.5,...
18.0,946.5,345.5,...
19.0,227.0,424.0,NA
20.0,939.0,410.5,...
18.0,940.0,341.5,...
19.0,214.5,432.5,NA
20.0,928.0,404.0,...
18.0,930.5,338.0,...
19.0,203.5,442.5,NA
20.0,915.5,396.0,...
18.0,923.0,334.5,...
19.0,188.5,454.5,NA
20.0,905.5,389.0,...
18.0,913.5,330.0,...
19.0,174.5,465.5,NA
20.0,895.5,382.5,...
18.0,910.0,327.0,...
19.0,157.0,476.0,NA
20.0,884.5,375.5,...
18.0,906.0,324.0,...
19.0,138.5,490.5,NA
20.0,877.5,370.5,...
18.0,902.5,322.0,74.25
19.0,117.5,505.5,NA
20.0,868.0,365.5,...
18.0,895.5,318.0,74.25
19.0,101.0,519.5,NA
20.0,862.0,360.0,...
18.0,892.0,319.0,74.25
19.0,89.5,536.5,NA
20.0,856.5,354.0,...
18.0,887.0,312.5,74.25
19.0,76.5,558.0,NA
20.0,849.5,349.5,...
26.0,1173.5,411.5,...
18.0,879.5,308.5,74.25
19.0,66.0,576.5,NA
20.0,839.0,342.5,...
26.0,1164.0,407.0,...
18.0,876.0,305.0,74.25
19.0,54.5,587.5,NA
20.0,835.0,337.0,...
26.0,1135.0,394.0,...
18.0,871.5,302.5,74.25
20.0,830.0,334.0,...
26.0,1118.5,388.0,...
18.0,865.0,299.0,74.25
20.0,824.0,331.5,...
26.0,1101.0,382.0,...
18.0,863.0,298.0,74.25
20.0,819.5,326.5,...
26.0,1085.5,375.5,...
18.0,857.5,296.0,74.25
20.0,815.0,323.5,84.86
26.0,1070.0,368.5,...
18.0,852.0,293.0,74.25
20.0,810.0,321.5,84.86
26.0,1056.0,364.5,...
18.0,848.0,291.5,74.25
20.0,803.0,316.5,84.86
26.0,1046.5,360.0,...
18.0,842.5,289.0,74.25
26.0,1032.0,354.0,...
26.0,1022.5,350.0,...
26.0,1008.5,344.5,...
32.0,1171.5,564.0,...
32.0,1154.0,543.0,...
32.0,1122.0,522.0,...
32.0,1097.0,504.0,...
32.0,1074.5,489.5,...
32.0,1052.0,475.0,...
33.0,984.0,604.0,...
32.0,1031.5,462.0,...
33.0,959.0,577.5,...
32.0,1012.5,449.5,...
33.0,934.0,556.0,...
32.0,998.0,436.5,...
33.0,909.0,531.0,...
32.0,983.0,427.0,...
33.0,891.5,510.0,...
32.0,967.5,416.5,...
33.0,875.5,489.5,...
32.0,954.0,407.0,...
33.0,862.0,470.0,...
32.0,940.5,400.5,...
33.0,853.0,457.0,...
32.0,930.0,394.0,...
33.0,840.5,441.0,...
32.0,919.5,386.0,...
33.0,828.5,429.5,...
32.0,910.0,378.5,...
33.0,819.5,418.5,...
32.0,900.0,373.5,...
33.0,812.5,409.0,...
32.0,892.5,368.0,...
33.0,804.5,401.0,...
32.0,884.0,362.5,...
33.0,794.5,393.0,...
32.0,875.0,357.5,...
33.0,786.0,386.0,...
35.0,222.5,355.5,NA
32.0,869.0,351.5,...
33.0,777.5,378.5,...
35.0,213.5,359.0,NA
32.0,863.0,347.5,...
33.0,773.5,370.5,...
35.0,202.0,365.5,NA
32.0,856.0,344.5,...
33.0,767.5,363.0,...
35.0,190.5,371.0,NA
32.0,850.5,336.5,...
33.0,763.5,358.0,...
35.0,177.5,377.5,NA
32.0,844.0,333.0,...
33.0,759.0,351.5,...
35.0,164.0,384.0,NA
32.0,838.0,329.0,...
33.0,752.0,347.5,...
35.0,152.0,389.0,NA
32.0,831.0,326.0,...
33.0,745.5,336.0,...
35.0,139.0,398.0,NA
32.0,827.0,322.5,...
33.0,741.5,330.5,...
35.0,125.0,405.0,NA
32.0,822.5,319.5,79.2
33.0,739.0,327.5,...
35.0,110.5,414.5,NA
32.0,817.0,317.5,79.2
33.0,735.5,324.5,99.0
35.0,94.5,422.5,NA
32.0,814.5,316.0,79.2
33.0,734.0,322.0,99.0
35.0,83.5,429.5,NA
32.0,811.0,314.0,79.2
33.0,732.5,319.5,99.0
35.0,72.5,435.5,NA
37.0,367.0,271.5,NA
32.0,806.5,310.0,79.2
33.0,727.5,313.5,99.0
35.0,62.5,442.0,NA
37.0,363.0,272.5,NA
32.0,801.0,305.5,79.2
35.0,54.5,447.5,NA
37.0,358.0,274.0,NA
35.0,43.5,454.0,NA
37.0,355.0,274.5,NA
37.0,334.0,287.0,NA
37.0,330.0,288.0,NA
40.0,392.5,310.5,NA
37.0,327.5,287.5,NA
40.0,384.5,315.0,NA
37.0,324.5,289.0,NA
40.0,379.5,318.0,NA
40.0,375.0,321.0,NA
40.0,368.5,326.0,NA
37.0,314.0,295.0,NA
40.0,367.0,329.0,NA
37.0,311.0,296.5,NA
40.0,361.0,332.5,NA
40.0,356.5,336.0,NA
37.0,298.0,304.0,NA
40.0,352.0,340.5,NA
37.0,291.0,306.0,NA
40.0,345.5,345.5,NA
37.0,289.5,308.5,NA
40.0,338.0,351.0,NA
37.0,285.5,310.5,NA
40.0,332.5,357.5,NA
40.0,323.5,363.0,NA
37.0,272.0,317.0,NA
40.0,314.5,368.0,NA
37.0,267.5,318.0,NA
40.0,300.5,374.5,NA
37.0,261.0,320.5,NA
40.0,286.5,381.0,NA
37.0,258.5,323.5,NA
40.0,278.5,386.5,NA
37.0,253.5,325.0,NA
40.0,266.5,393.5,NA
37.0,247.5,328.5,NA
40.0,254.5,402.0,NA
37.0,238.5,331.0,NA
40.0,240.5,411.5,NA
37.0,234.0,335.0,NA
40.0,228.0,421.0,NA
45.0,151.5,324.5,NA
37.0,228.0,340.0,NA
40.0,214.5,429.0,NA
45.0,145.5,326.5,NA
37.0,220.0,344.5,NA
40.0,197.0,440.5,NA
45.0,131.0,332.0,NA
37.0,210.0,347.5,NA
40.0,181.0,449.5,NA
45.0,122.0,335.0,NA
37.0,203.5,350.5,NA
40.0,163.5,458.5,NA
45.0,111.5,338.0,NA
37.0,193.0,353.5,NA
40.0,143.0,472.0,NA
45.0,101.0,341.0,NA
37.0,183.5,356.0,NA
40.0,122.0,484.5,NA
45.0,85.0,345.0,NA
46.0,461.0,281.5,NA
37.0,175.0,361.5,NA
40.0,107.0,498.0,NA
45.0,71.5,349.5,NA
46.0,456.0,282.0,NA
