0 0.0460546875 0.74268460761347 0.03875000000000001 0.08255100000000011
0 0.104375 0.7569130248901903 0.12562500000000001 0.11538499999999999
0 0.1509375 0.7225986749633968 0.016875 0.03846099999999993
0 0.17296875 0.7169696749633968 0.024375000000000008 0.040337999999999936
0 0.210703125 0.7119810614934114 0.03687500000000002 0.04784299999999997
0 0.3697265625 0.6834972884333821 0.03375 0.03189400000000005
0 0.6505078125 0.6740020307467057 0.04125000000000001 0.025328000000000045
0 0.8898828125 0.6979100614934114 0.135625 0.047841999999999996
0 0.8340625 0.6885290614934114 0.01749999999999996 0.04971899999999992
0 0.8507421875 0.6885290614934114 0.023125000000000062 0.04784299999999997
0 0.885 0.6935176749633968 0.03249999999999997 0.040337999999999936
0 0.9287890625 0.6908179326500732 0.04999999999999993 0.04596599999999996
0 0.993359375 0.7120953191800878 0.011874999999999969 0.055346999999999945
