0 0.078125 0.7026182825768668 0.156875 0.12288899999999997
0 0.11328125 0.6566522825768668 0.226875 0.12288900000000005
0 0.19796875 0.6589401537335285 0.2125 0.11726100000000002
0 0.3997265625 0.7528105344070277 0.5025 0.2185740000000001
0 0.274296875 0.64512360761347 0.184375 0.08255100000000011
0 0.3100390625 0.6275271229868229 0.17437500000000003 0.0947469999999999
0 0.3853125 0.6102120307467057 0.07937499999999997 0.02439000000000007
0 0.542265625 0.7030483748169839 0.365 0.19230800000000006
0 0.3982421875 0.6335939326500731 0.053749999999999964 0.04596600000000004
0 0.6331640625 0.68987121522694 0.20624999999999993 0.16510299999999994
0 0.6566015625 0.6518652459736457 0.25249999999999995 0.18761799999999995
0 0.69515625 0.6752299267935578 0.07062499999999994 0.136022
0 0.80546875 0.6449392518301611 0.08625000000000005 0.09943699999999996
0 0.8028125 0.6620527672035139 0.07937499999999997 0.10975600000000008
0 0.8759375 0.6468152518301611 0.07937499999999997 0.097561
