0 0.695703125 0.7039499197080292 0.474375 0.34173599999999993
0 0.0361328125 0.579387496350365 0.07375 0.07096199999999991
0 0.0855859375 0.629992890510949 0.10875 0.10457499999999999
0 0.123125 0.5621066642335767 0.09375000000000001 0.04761899999999999
0 0.2253515625 0.6743663868613139 0.221875 0.1736700000000001
0 0.1767578125 0.5497312481751826 0.073125 0.03641399999999996
0 0.2025 0.522942686131387 0.03312499999999999 0.02894499999999996
0 0.249296875 0.5377119562043796 0.05875 0.04201599999999991
0 0.2759375 0.5925261824817519 0.078125 0.09897299999999995
0 0.3115625 0.537066394160584 0.04874999999999996 0.032679999999999945
0 0.376015625 0.594563912408759 0.08374999999999999 0.08216600000000006
0 0.400703125 0.5593056642335766 0.09875 0.048552000000000026
0 0.4723828125 0.5998254525547446 0.16625 0.11111099999999995
