0 0.1513669375 0.36377016200294554 0.29589899999999997 0.11929299999999998
0 0.18066375 0.41237145655375557 0.336914 0.15316600000000002
0 0.0849610625 0.16789380265095727 0.14355500000000002 0.041236999999999996
0 0.2119140625 0.46097156995581734 0.393555 0.23416799999999993
0 0.293945375 0.553755469808542 0.542969 0.344624
0 0.46679712500000003 0.6568484182621502 0.629883 0.48748100000000005
0 0.5341795625 0.3505153755522828 0.44043 0.09278399999999996
0 0.6162109375 0.4050078512518409 0.327148 0.07658299999999998
0 0.7343745625 0.6980850721649485 0.470704 0.599411
0 0.78418 0.38438904860088363 0.03125 0.036818999999999956
0 0.811523 0.39028029455081 0.03125 0.033872999999999986
0 0.8398434375 0.39617129455081 0.029297000000000017 0.035345999999999995
0 0.8671875625 0.39617129455081 0.0341800000000001 0.035345999999999995
0 0.894530875 0.4035347864506628 0.027344000000000035 0.029454999999999953
