0 0.38671875 0.6554116296296296 0.774375 0.5421799999999999
0 0.03515625 0.48099692592592586 0.07125 0.09289100000000013
0 0.057421875 0.44757629629629625 0.06 0.03507100000000003
0 0.1023828125 0.4510161111111111 0.073125 0.06350700000000002
0 0.12984374999999998 0.44757629629629625 0.05500000000000001 0.03507100000000003
0 0.54375 0.47348396296296297 0.37625000000000003 0.166825
0 0.6469921875 0.45843122222222227 0.17937500000000006 0.12606600000000004
0 0.6561328125 0.42945403703703705 0.10499999999999998 0.075829
0 0.831484375 0.4300441481481481 0.07437499999999997 0.05876700000000003
0 0.9094921875 0.4262521481481482 0.08562499999999995 0.058767999999999945
