0 0.493046875 0.5154864444444445 0.840625 0.858889
0 0.5289843750000001 0.1454861111111111 0.19937500000000002 0.194444
0 0.821796875 0.19416644444444445 0.34125000000000005 0.264445
0 0.9169921875 0.3054857777777778 0.02312499999999995 0.02555599999999996
0 0.921015625 0.3438888888888889 0.020625000000000004 0.029999999999999954
0 0.9232421875 0.22090255555555555 0.021874999999999978 0.020000000000000018
0 0.9294921875 0.1688197777777778 0.023125000000000062 0.02777699999999999
0 0.94359375 0.19881977777777776 0.024375000000000036 0.027777000000000013
0 0.9438671875 0.29611088888888887 0.023125000000000062 0.027778000000000032
0 0.95234375 0.33326377777777777 0.024374999999999925 0.02555600000000001
0 0.959765625 0.21215277777777777 0.02124999999999999 0.025555999999999985
0 0.9664453125 0.1665967777777778 0.02562500000000001 0.025555999999999985
0 0.9732421875 0.29263866666666666 0.021874999999999978 0.02333400000000004
0 0.9832421875 0.19486066666666668 0.02312499999999995 0.02333399999999999
0 0.98734375 0.3238888888888889 0.02375000000000005 0.02888899999999999
