1 0.5891796875 0.8116756281755196 0.03874999999999995 0.204142
1 0.0246875 0.7269327551963048 0.04875 0.33431900000000003
1 0.10140625 0.7423742863741339 0.070625 0.33136099999999996
1 0.1525 0.858725972286374 0.033125000000000016 0.2278110000000001
1 0.499453125 0.6227332240184758 0.7237499999999999 0.337278
1 0.1926171875 0.7924761270207852 0.021874999999999978 0.13017700000000004
1 0.2640625 0.8791798152424942 0.04874999999999999 0.1760359999999999
1 0.3541796875 0.8780931893764433 0.03812500000000002 0.12426100000000007
1 0.4159765625 0.802437752886836 0.03375 0.184911
1 0.52 0.8072376281755197 0.03125 0.207101
1 0.6739453125 0.7726708152424943 0.026874999999999982 0.17899400000000007
1 0.7177734375 0.8165812217090069 0.030625000000000013 0.19082900000000003
1 0.7588671875 0.764474845265589 0.021874999999999978 0.099113
1 0.7898046875 0.777214533487298 0.038124999999999964 0.14349099999999995
1 0.858046875 0.8106642217090069 0.028125000000000067 0.19082900000000003
1 0.9094921875 0.7077322540415704 0.08562499999999995 0.25887599999999994
1 0.9451953125 0.8079176581986142 0.026874999999999982 0.1272190000000001
1 0.9826953125 0.7842486581986143 0.02562500000000001 0.127219
