0 0.5370703125 0.7107806479481642 0.27562500000000006 0.48686000000000007
0 0.324609375 0.4769121360691145 0.013124999999999998 0.022130000000000028
0 0.3265625 0.4624749632829374 0.01687500000000003 0.02766199999999998
0 0.325859375 0.43403613606911445 0.013124999999999998 0.023512999999999985
0 0.3290625 0.4547821360691145 0.01687500000000003 0.022129999999999966
0 0.329609375 0.4808914816414687 0.013124999999999998 0.016597999999999957
0 0.3328125 0.4984359632829373 0.016874999999999973 0.02904599999999999
0 0.35265625 0.4131184816414687 0.00874999999999998 0.016598000000000016
0 0.352578125 0.49445661771058314 0.005624999999999991 0.03457899999999999
0 0.6415234375 0.533961444924406 0.06125000000000003 0.042877000000000096
0 0.90375 0.5773276436285096 0.09499999999999997 0.13554700000000008
