0 0.7270265036603221 0.3998828125 0.19512200000000007 0.104375
0 0.18594436310395315 0.5489843750000001 0.373358 0.29375
0 0.29000047877013174 0.293828125 0.07973700000000002 0.03562500000000002
0 0.4556036691068814 0.3586328125 0.13133200000000006 0.073125
0 0.5441513806734992 0.3743359375 0.10225200000000002 0.07687500000000003
0 0.634664411420205 0.361875 0.12570299999999998 0.06374999999999997
0 0.6682510556368961 0.336015625 0.13789899999999994 0.05125000000000002
0 0.7837061537335286 0.3381640625 0.11726099999999985 0.049375
0 0.834152859443631 0.3775 0.18011199999999994 0.09437499999999999
0 0.9051492459736458 0.4255859375 0.1876169999999999 0.10749999999999998
0 0.942128896046852 0.33625 0.11257 0.06375000000000003
