1 0.1759375 0.6668517969543146 0.08000000000000002 0.3444350000000001
1 0.0654296875 0.6625842233502538 0.1325 0.37368000000000007
1 0.267265625 0.641216192893401 0.08374999999999999 0.3013809999999999
1 0.372109375 0.6613713705583756 0.106875 0.31275400000000014
1 0.4491015625 0.6388319441624365 0.06625000000000003 0.28269700000000003
1 0.5238671875 0.6446717664974619 0.08500000000000002 0.270512
1 0.612734375 0.6813042487309645 0.10624999999999996 0.519902
1 0.6804296875 0.625281269035533 0.03875000000000006 0.233956
1 0.7298828125 0.6298476243654823 0.073125 0.25913900000000006
1 0.8062109375 0.6664519441624366 0.07687500000000003 0.2826969999999999
1 0.935 0.6355829441624365 0.12687499999999996 0.28269700000000003
