0 0.2546875 0.7531610248901902 0.11062499999999997 0.11538500000000007
0 0.00390625 0.7158742576866765 0.00875 0.0075040000000000575
0 0.0814453125 0.7135853865300146 0.026874999999999996 0.009381000000000065
0 0.1401171875 0.7117093865300146 0.021875000000000006 0.011257000000000017
0 0.16296875 0.7117093865300146 0.024375000000000008 0.009380999999999981
0 0.36875 0.7409919633967789 0.0625 0.06941799999999997
0 0.5502734375 0.720353963396779 0.02937499999999993 0.06941899999999994
0 0.571015625 0.7187324172767204 0.020000000000000018 0.032832999999999994
0 0.6566015625 0.7733342767203513 0.15874999999999995 0.212946
0 0.6469140625 0.7109989019033676 0.018749999999999933 0.020638
0 0.9336328125 0.7162160307467057 0.04125000000000001 0.02439000000000007
