1 0.5412109375 0.4760668169838946 0.07687499999999992 0.33677299999999993
1 0.189453125 0.5162569033674964 0.380625 0.4981229999999999
1 0.05984375 0.565957682284041 0.11875 0.42495299999999997
1 0.0930859375 0.49887943045387995 0.076875 0.32832999999999996
1 0.2147265625 0.7340503206442166 0.19125000000000003 0.530019
1 0.185546875 0.40892718448023424 0.05875 0.14258900000000008
1 0.231796875 0.45074753440702775 0.05874999999999997 0.21763500000000002
1 0.338046875 0.47501455929721814 0.08999999999999997 0.33114499999999997
1 0.404296875 0.4831599458272328 0.05937500000000001 0.342401
1 0.69046875 0.5313100629575402 0.6174999999999999 0.525328
1 0.454765625 0.5315021361639823 0.083125 0.39212000000000014
1 0.480625 0.34141112298682286 0.03312499999999996 0.095685
1 0.6069921875 0.5283022035139092 0.08562500000000006 0.34803
1 0.676640625 0.5904619399707174 0.083125 0.432457
1 0.7780078125 0.5722961669106882 0.1050000000000001 0.414634
1 0.87546875 0.535280074670571 0.05625000000000002 0.34334
1 0.97171875 0.5530339765739385 0.05500000000000005 0.364916
