1 0.226640625 0.6452443382137628 0.05187499999999998 0.257732
1 0.048203125 0.5948806691068814 0.035625000000000004 0.12933499999999998
1 0.075625 0.5930628286969254 0.031875 0.15557599999999996
1 0.089140625 0.6082952825768668 0.020625000000000004 0.12090000000000001
1 0.1598046875 0.6474691112737921 0.07 0.27647600000000006
1 0.5890625 0.5529401844802343 0.10999999999999999 0.14245500000000008
1 0.732265625 0.6520427920937043 0.05125000000000002 0.223992
1 0.792890625 0.6398587920937042 0.05125000000000002 0.22305499999999992
1 0.8540234375 0.6668564978038067 0.09250000000000003 0.28491099999999997
1 0.8751953125 0.6528585959004393 0.057499999999999996 0.2652300000000001
1 0.9575390625 0.740066878477306 0.08187500000000003 0.38612899999999994
