1 0.20294117647058824 0.95609375 0.40866300000000005 0.08625000000000005
1 0.20746117647058823 0.10828125 0.20621400000000004 0.10250000000000001
1 0.37647588235294116 0.128359375 0.231639 0.230625
1 0.38947882352941177 0.1453125 0.24670400000000006 0.20500000000000002
1 0.40189988235294116 0.32421875 0.23163799999999993 0.275
1 0.506502294117647 0.4232421875 0.378532 0.24125000000000008
1 0.44491764705882353 0.5528515625 0.240113 0.28500000000000003
1 0.4891107647058824 0.8196875 0.259887 0.359375
1 0.5842670588235295 0.581640625 0.28625199999999995 0.23875000000000002
1 0.5446995294117647 0.135 0.12052700000000004 0.125
1 0.6284068823529412 0.2640234375 0.28060199999999996 0.310625
1 0.7504150588235294 0.8019140625 0.236347 0.39375000000000004
