1 0.1034375 0.545077744680851 0.07875 0.556421
1 0.2269140625 0.5799791215805471 0.04999999999999999 0.5019460000000001
1 0.2965234375 0.5414297720364742 0.06125000000000003 0.570039
1 0.4392578125 0.5319447993920973 0.073125 0.5778209999999999
1 0.5525 0.5341328267477203 0.06437499999999996 0.593385
1 0.6540234375 0.48754588753799394 0.09250000000000003 0.8443579999999999
1 0.7223828125 0.5026316139817629 0.073125 0.7217899999999999
1 0.7976171875 0.542772094224924 0.053749999999999964 0.490272
1 0.836328125 0.48379763525835867 0.06687500000000002 0.505836
1 0.917578125 0.7668745258358663 0.161875 0.45914399999999994
1 0.8496875 0.5464268480243161 0.01749999999999996 0.37937699999999996
1 0.8656640625 0.5668577386018236 0.01937499999999992 0.330739
