0 0.03515625 0.3216149166666667 0.07125 0.06000000000000002
0 0.0810546875 0.5063024166666666 0.163125 0.42
0 0.140625 0.38671875 0.251875 0.15000000000000005
0 0.507734375 0.5578642500000001 0.981875 0.6658339999999999
0 0.115625 0.32869825 0.06437499999999999 0.0408329999999999
0 0.2662890625 0.32848925 0.11249999999999999 0.07250000000000001
0 0.28804687500000004 0.3591663333333333 0.09 0.04249999999999998
0 0.3848046875 0.4021350833333333 0.22499999999999998 0.12916700000000003
0 0.4877734375 0.3500003333333333 0.06187500000000001 0.04333299999999999
0 0.6058984375 0.39989616666666666 0.28062499999999996 0.16333300000000003
0 0.732265625 0.38244758333333334 0.17625000000000002 0.14416699999999996
0 0.8653125 0.380417 0.266875 0.3133329999999999
