0 0.0971484375 0.7344098820678513 0.18625 0.1406410000000001
0 0.33375 0.7017762310177706 0.09375 0.08479799999999998
0 0.37546875 0.7026860710823909 0.02437499999999998 0.027922000000000034
0 0.4034765625 0.7050121066235864 0.03437499999999999 0.04033099999999995
0 0.4462109375 0.7004226155088854 0.044999999999999984 0.04446699999999985
0 0.486328125 0.6980965799676898 0.03562500000000002 0.032058000000000024
0 0.5084375 0.6927975621970921 0.015625 0.02378499999999991
0 0.528671875 0.6935080888529886 0.028124999999999956 0.03412599999999997
0 0.568671875 0.6948655621970921 0.05874999999999997 0.023785
0 0.735234375 0.7123791243941842 0.04437500000000005 0.04653600000000003
0 0.8251171875 0.7026860710823909 0.023125000000000062 0.02585300000000004
0 0.8588671875 0.6994550533117931 0.021874999999999978 0.021716999999999962
0 0.8969921875 0.6973870533117933 0.021874999999999978 0.021716999999999962
