0 0.498984375 0.5865628333333334 0.91875 0.620833
0 0.359375 0.30354166666666665 0.719375 0.179167
0 0.3961328125 0.2592705 0.07375000000000004 0.04833399999999999
0 0.6872265625 0.39875 0.5656249999999999 0.31333300000000003
0 0.4615234375 0.26369824999999997 0.09187499999999993 0.04
0 0.6668359375 0.22505175 0.04499999999999993 0.024166999999999977
0 0.6945703125 0.23828158333333335 0.05687500000000001 0.01999999999999998
0 0.813671875 0.24015625 0.15374999999999994 0.071667
0 0.7916015625 0.2460416666666667 0.09687499999999993 0.053332999999999964
0 0.8148828125 0.23750033333333334 0.073125 0.04333299999999999
0 0.9184765625 0.3656246666666667 0.16000000000000003 0.24166699999999997
0 0.8643359375 0.23546841666666665 0.04499999999999993 0.045000000000000005
