0 0.02359375 0.6325416749633969 0.024374999999999997 0.040337999999999936
0 0.0458984375 0.6433868038067351 0.030625 0.042213999999999974
0 0.0814453125 0.6405286442166911 0.025624999999999995 0.01688599999999993
0 0.1398046875 0.6363388345534406 0.03812499999999999 0.06472800000000001
0 0.1755859375 0.6480077057101025 0.044999999999999984 0.06379000000000003
0 0.2125 0.6633153191800878 0.06437500000000002 0.05534700000000011
0 0.3360546875 0.6737216383601757 0.09999999999999998 0.106004
0 0.4465625 0.6965073133235725 0.14187499999999997 0.14634199999999994
0 0.5865625 0.7406414729136165 0.20375 0.17167
0 0.926015625 0.8456555959004391 0.145625 0.26547799999999994
