1 0.25732068750000003 0.5214975 0.09967400000000001 0.20424800000000004
1 0.332937125 0.43783225 0.03594799999999998 0.039215
1 0.368885125 0.43619825 0.035948000000000035 0.04084899999999997
1 0.40842025 0.4443490625 0.04085 0.050653000000000004
1 0.4730076875 0.51177025 0.09967300000000001 0.16503200000000007
1 0.4702113125 0.4192391875 0.026144 0.022876000000000007
1 0.546990125 0.43293025 0.03594699999999995 0.039215
1 0.583218875 0.4469404375 0.05882299999999996 0.06209100000000001
1 0.650569375 0.4462638125 0.04411799999999999 0.07352899999999996
1 0.744906125 0.50651075 0.09804000000000002 0.17973799999999995
1 0.8299125 0.491128125 0.08006499999999994 0.19280999999999993
1 0.9021841875 0.4716544375 0.053922000000000025 0.12418299999999993
1 0.967204875 0.4557103125 0.06045800000000001 0.08823500000000001
