1 0.6931640625 0.48546908333333333 0.050000000000000044 0.12833300000000003
1 0.1296484375 0.5181253333333333 0.029999999999999985 0.07500000000000002
1 0.1740625 0.52130175 0.016249999999999987 0.08666699999999998
1 0.21296875 0.5133336666666667 0.023749999999999993 0.08500000000000003
1 0.3868359375 0.50625 0.015000000000000013 0.0650000000000001
1 0.3986328125 0.50734375 0.011250000000000038 0.055000000000000014
1 0.5153125 0.4946878333333333 0.016250000000000098 0.028333000000000014
1 0.5396484375 0.5098958333333333 0.030000000000000027 0.11999999999999995
1 0.5774609375 0.4975 0.04499999999999993 0.12500000000000008
1 0.6178515625 0.5097395833333334 0.03500000000000003 0.04999999999999997
1 0.6592578125 0.5017705 0.04125000000000001 0.04833400000000002
1 0.886328125 0.49067675 0.036250000000000004 0.05666700000000002
1 0.879765625 0.47046841666666667 0.02124999999999999 0.04666699999999994
1 0.923125 0.4927086666666667 0.03249999999999997 0.053333
