0 0.4990234375 0.5986455 0.999375 0.5166670000000001
0 0.04359375 0.48999966666666667 0.0875 0.08416699999999995
0 0.1390625 0.4939586666666667 0.1425 0.11666599999999994
0 0.226328125 0.486875 0.06687500000000002 0.09416699999999989
0 0.2712890625 0.47156216666666667 0.050624999999999976 0.038334000000000014
0 0.279296875 0.5015625 0.05937500000000001 0.07916699999999999
0 0.4734765625 0.6007815833333333 0.409375 0.518333
0 0.65546875 0.48609341666666667 0.055624999999999925 0.07583400000000003
0 0.7356640625 0.5099475833333332 0.14312499999999995 0.14416700000000007
0 0.925390625 0.5378125 0.145625 0.265833
0 0.9746875 0.6079163333333334 0.04812499999999997 0.23083399999999998
