2 0.7160546875 0.7463089592169657 0.19499999999999995 0.28601299999999996
2 0.2326953125 0.5347874616639479 0.183125 0.14926899999999999
2 0.256171875 0.5252669608482872 0.15250000000000002 0.19519799999999995
2 0.27347656249999996 0.8532324959216966 0.16 0.229645
2 0.36375 0.5001409265905383 0.03312499999999996 0.11273500000000003
2 0.3991015625 0.5038653898858075 0.03375 0.16701499999999994
2 0.4710546875 0.5073903181076672 0.13187499999999996 0.18789100000000006
2 0.460703125 0.7821198531810766 0.09875 0.22442600000000004
2 0.44203125 0.7931986411092986 0.03937499999999999 0.09812100000000007
2 0.56125 0.760073352365416 0.18937499999999996 0.269311
2 0.51125 0.48736292495921696 0.06437500000000007 0.20354900000000006
2 0.5370703125 0.4892513898858076 0.08937500000000004 0.16910300000000003
2 0.60734375 0.7705164942903753 0.21125000000000005 0.32150300000000004
2 0.63 0.47164731647634583 0.18874999999999997 0.277662
