0 0.255625 0.7896682093704246 0.1875 0.25515899999999997
0 0.052734375 0.7914923323572474 0.10625 0.34990600000000005
0 0.193359375 0.9646688345534408 0.386875 0.06660399999999987
0 0.0952734375 0.7444204114202049 0.029375 0.12476500000000008
0 0.1424609375 0.7104909941434846 0.04500000000000001 0.090995
0 0.4438671875 0.6823220556368961 0.17812499999999998 0.1388369999999999
0 0.5251953125 0.711403055636896 0.21374999999999994 0.13789900000000002
0 0.5773046875 0.645079448023426 0.038125000000000075 0.056285
0 0.886796875 0.649673411420205 0.09062499999999996 0.123828
0 0.92703125 0.6863467306002928 0.13375000000000004 0.17636000000000004
