0 0.0126953125 0.3291072337662338 0.026875 0.06905200000000004
0 0.0263671875 0.5205583896103896 0.05375 0.17970100000000003
0 0.039140625 0.33795402597402596 0.020625000000000004 0.052413000000000085
0 0.08011718749999999 0.33821792207792206 0.053125 0.04575700000000007
0 0.14945312500000002 0.3975713506493507 0.099375 0.10316099999999999
0 0.282265625 0.5379925844155844 0.36374999999999996 0.3702170000000002
0 0.812421875 0.5605982987012987 0.37250000000000005 0.398502
0 0.9071484375 0.3559518181818182 0.09312500000000001 0.03660600000000001
0 0.9688671875 0.4825317532467533 0.05437499999999995 0.10898500000000001
0 0.972265625 0.37305751948051946 0.05249999999999999 0.03993400000000003
