1 0.0525 0.5881322477876106 0.09375 0.23040599999999997
1 0.1680859375 0.5065975634218289 0.20124999999999998 0.7393770000000001
1 0.26753906250000004 0.5498672979351032 0.113125 0.35033100000000006
1 0.3186328125 0.5655942802359881 0.07312500000000005 0.188858
1 0.3716015625 0.5811706902654867 0.15937500000000004 0.21435400000000002
1 0.490078125 0.5033760294985251 0.22312500000000007 0.599622
1 0.563203125 0.580155994100295 0.09875 0.28234200000000004
1 0.6929296875 0.5711722241887905 0.3187500000000001 0.35221899999999995
1 0.8826171875 0.5614955191740413 0.2093750000000001 0.34183199999999997
1 0.9599609375 0.5956862477876106 0.07750000000000001 0.23040600000000006
