0 0.072265625 0.47343783333333334 0.145313 0.15208300000000005
0 0.32734425 0.32265625 0.04062399999999999 0.07083300000000003
0 0.4423833125 0.3140628333333333 0.026561999999999975 0.058333000000000045
0 0.590625 0.3018225833333334 0.03125 0.04999999999999997
0 0.626562 0.2901045 0.0625 0.04791599999999999
0 0.7107421875 0.3648440833333333 0.14843700000000004 0.09791600000000004
0 0.6693364375 0.2875003333333333 0.06093699999999991 0.04375000000000003
0 0.7193359375 0.28619825 0.04531299999999994 0.039583000000000035
0 0.791796875 0.2729163333333333 0.05937500000000007 0.04375000000000003
0 0.7998051875 0.3450520833333333 0.05312500000000009 0.06666699999999996
0 0.9275385625 0.3197916666666667 0.034375000000000044 0.05416699999999993
0 0.9716791875 0.30781283333333337 0.05312600000000001 0.058333000000000045
