2 0.2797265625 0.8338857886056973 0.2525 0.309021
2 0.21171875 0.574060772113943 0.399375 0.17754299999999998
2 0.425625 0.706308035982009 0.09500000000000003 0.28790800000000005
2 0.5421484375 0.6107055262368816 0.06187500000000001 0.21017299999999997
2 0.593984375 0.6885560329835082 0.07562499999999994 0.26391500000000007
2 0.657578125 0.5851610164917542 0.036250000000000004 0.13243699999999986
2 0.69578125 0.630138527736132 0.04062500000000002 0.22264899999999993
2 0.740234375 0.7289825337331334 0.07437499999999997 0.2715930000000002
2 0.7858203125 0.805571791604198 0.12 0.33493299999999987
2 0.8780859375 0.6389522818590705 0.07687500000000003 0.25623800000000013
