1 0.7870703125 0.88182325 0.08812500000000001 0.19583300000000006
1 0.01171875 0.9522399166666666 0.02375 0.0925000000000001
1 0.0022265625000000002 0.6463024166666668 0.0024999999999999996 0.04666599999999995
1 0.0391015625 0.9566666666666667 0.03375 0.08416700000000003
1 0.048203125 0.9073961666666667 0.036250000000000004 0.03749999999999994
1 0.074453125 0.6060413333333333 0.0050000000000000044 0.012500000000000103
1 0.5489453125 0.8192184166666667 0.900625 0.3583340000000001
1 0.1273046875 0.6319270833333334 0.007499999999999993 0.035000000000000066
1 0.1929296875 0.6157815833333333 0.007500000000000007 0.020832999999999952
1 0.2123046875 0.62505175 0.0062500000000000056 0.025833999999999985
1 0.2329296875 0.6154166666666666 0.006249999999999978 0.022499999999999964
1 0.2541015625 0.6115104166666666 0.0025000000000000022 0.01416700000000004
1 0.27640625 0.6254166666666666 0.009374999999999967 0.022499999999999964
1 0.2816015625 0.6144795 0.0037499999999999756 0.01750000000000007
1 0.3016796875 0.6124475833333333 0.007500000000000007 0.019167000000000083
1 0.305859375 0.6427600833333332 0.012500000000000011 0.03416700000000006
1 0.3372265625 0.6054166666666666 0.003750000000000031 0.022500000000000037
1 0.38390625 0.6144795 0.00874999999999998 0.01750000000000007
1 0.3998046875 0.61505175 0.006250000000000033 0.024166999999999977
1 0.415703125 0.61505175 0.0050000000000000044 0.024166999999999977
1 0.426953125 0.6113538333333334 0.0050000000000000044 0.02749999999999993
1 0.4986328125 0.6237496666666668 0.010000000000000009 0.022499999999999964
1 0.750546875 0.5732288333333334 0.49687500000000007 0.12083399999999996
1 0.514609375 0.6226559166666666 0.011874999999999969 0.029166999999999943
1 0.52578125 0.6230208333333334 0.009375000000000022 0.02749999999999993
1 0.54515625 0.6243229166666667 0.008124999999999938 0.03083299999999996
1 0.585703125 0.6157815833333333 0.005624999999999991 0.019165999999999943
