0 0.087109375 0.8952032941176471 0.16875 0.17890799999999993
0 0.0087890625 0.41648064705882354 0.019375 0.04049000000000003
0 0.041015625 0.43060564705882354 0.051250000000000004 0.03860599999999997
0 0.1487890625 0.43625464705882355 0.05 0.038606999999999954
0 0.3683203125 0.7447349411764707 0.08875 0.11581899999999996
0 0.4444140625 0.7701589411764708 0.11249999999999999 0.1158189999999998
0 0.5655859375000001 0.8227621764705882 0.13937499999999997 0.1563090000000001
0 0.5797265625 0.7115455882352941 0.09625000000000006 0.10452000000000009
0 0.8550390625 0.6149825882352942 0.050000000000000044 0.054613999999999906
0 0.8465234375 0.579148294117647 0.030625000000000013 0.029190999999999977
0 0.8762109375 0.5975678823529412 0.04625000000000001 0.03107400000000006
0 0.9002734375 0.5753822941176471 0.030625000000000013 0.028248000000000002
0 0.9161328125 0.5990384705882353 0.04249999999999998 0.03483999999999997
0 0.9780078125 0.5955048235294118 0.041874999999999996 0.04425599999999995
