1 0.2437890625 0.9077086666666666 0.111875 0.17916600000000008
1 0.025546875 0.21947883333333332 0.028125 0.057499999999999996
1 0.0811328125 0.9141663333333333 0.135625 0.16833400000000007
1 0.1120703125 0.22401075 0.02624999999999998 0.05666599999999996
1 0.14734375 0.22734375000000004 0.024375000000000008 0.05666699999999995
1 0.209296875 0.655 0.027499999999999997 0.12750000000000003
1 0.2797265625 0.6659895833333334 0.03437499999999999 0.11416699999999998
1 0.385234375 0.65984375 0.043749999999999956 0.05666700000000002
1 0.43875 0.67380175 0.03125 0.08750000000000006
1 0.5385546875 0.6432809166666668 0.03874999999999995 0.06083399999999998
1 0.66453125 0.6489065833333334 0.040000000000000036 0.05166599999999999
1 0.7075 0.6302604166666667 0.03187499999999999 0.07750000000000005
1 0.87046875 0.6085416666666666 0.05499999999999994 0.053333
1 0.88734375 0.59317675 0.024375000000000036 0.05666700000000002
1 0.904609375 0.167708 0.04437499999999994 0.094167
1 0.9651953125 0.5977604166666667 0.026249999999999996 0.0774999999999999
1 0.97890625 0.7745833333333333 0.040000000000000036 0.23083300000000007
