1 0.0416018125 0.8427086666666668 0.072656 0.27291599999999977
1 0.2085935 0.8234375000000002 0.109375 0.265625
1 0.288671625 0.82473925 0.051563000000000025 0.2583339999999999
1 0.3666013125 0.8161461666666666 0.057813 0.2572910000000001
1 0.5693361875 0.8088538333333334 0.08437499999999998 0.24687499999999987
1 0.7330080625 0.6911454999999999 0.019531000000000076 0.046875
1 0.761327625 0.7020833333333334 0.019531999999999994 0.04374999999999988
1 0.783203125 0.6981774166666668 0.005468999999999946 0.04583300000000001
1 0.8085935 0.709375 0.01718799999999998 0.0625
1 0.83828125 0.7437496666666666 0.04062500000000002 0.11458400000000009
1 0.8583986875 0.7489586666666668 0.03906199999999993 0.08541599999999978
1 0.8828125 0.7921871666666668 0.046875 0.06874999999999994
1 0.8744140625 0.69244825 0.018750000000000044 0.041665999999999905
1 0.91015675 0.7023434166666668 0.024998999999999993 0.07604199999999987
