1 0.033125 0.6248715402635432 0.033125 0.12851800000000005
1 0.164453125 0.6846109267935577 0.03687499999999999 0.13508400000000004
1 0.2171875 0.2226428345534407 0.016875 0.06472700000000003
1 0.2789453125 0.38186338067349923 0.02562500000000001 0.10225100000000001
1 0.2939453125 0.3670377364568082 0.026874999999999982 0.08630400000000002
1 0.301796875 0.725982963396779 0.028124999999999956 0.06847999999999992
1 0.32390625 0.7322513499267936 0.03999999999999998 0.07879899999999987
1 0.3257421875 0.42595338067349925 0.02250000000000002 0.100375
1 0.3425390625 0.3446379941434846 0.01937500000000003 0.09287000000000002
1 0.3776953125 0.4392006383601757 0.026874999999999982 0.10694100000000001
1 0.3962109375 0.7434123133235725 0.044999999999999984 0.144465
1 0.4156640625 0.19475428843338213 0.01937500000000003 0.030956000000000025
1 0.4694140625 0.18752096339677893 0.019374999999999976 0.06848
1 0.4803125 0.2965674787701318 0.017500000000000016 0.08067499999999998
1 0.55828125 0.4702708960468521 0.040000000000000036 0.11163200000000004
1 0.5878515625 0.4446442825768668 0.03437499999999993 0.12288999999999993
1 0.601171875 0.4569093806734993 0.028124999999999956 0.10225199999999994
1 0.6090625 0.45338589604685214 0.016250000000000098 0.1135079999999999
1 0.6096875 0.1761497057101025 0.01749999999999996 0.06378999999999999
1 0.614140625 0.3886137364568082 0.020625000000000004 0.08630399999999994
1 0.6631640625 0.2274470922401171 0.018124999999999947 0.07035600000000003
1 0.741328125 0.8357561844802343 0.03562500000000002 0.14258999999999997
1 0.748515625 0.22088009224011712 0.020625000000000004 0.07129500000000003
1 0.7671875 0.4843418960468521 0.04749999999999999 0.11350899999999996
1 0.774140625 0.13986231918008785 0.020625000000000004 0.055348
1 0.8044921875 0.13986231918008785 0.02187500000000009 0.055348
1 0.824609375 0.8508103440702782 0.04312499999999997 0.16791700000000004
1 0.873359375 0.8563240863836017 0.04312499999999997 0.16322700000000007
1 0.87109375 0.33660686530014644 0.024375000000000036 0.08817999999999998
1 0.8765234375 0.43128376720351386 0.030625000000000013 0.10975600000000008
1 0.9009375 0.5345870248901904 0.048125000000000084 0.11538499999999999
1 0.9014453125 0.33660686530014644 0.026874999999999982 0.08817999999999998
1 0.9365234375 0.5007017672035139 0.02937500000000004 0.10975599999999999
