1 0.0538671875 0.5439238653001464 0.023125000000000007 0.09005600000000005
1 0.0546875 0.5614751903367496 0.016875 0.05159500000000004
1 0.0712890625 0.42455934992679356 0.019375000000000003 0.07879899999999995
1 0.1059375 0.5563032210834553 0.016875 0.074109
1 0.1148828125 0.35644706149341143 0.011249999999999996 0.04971799999999995
1 0.125859375 0.5537167364568081 0.011874999999999997 0.08724200000000004
1 0.1417578125 0.36061093265007316 0.010000000000000009 0.04596600000000004
1 0.279765625 0.5127652884333822 0.020625000000000004 0.030956999999999957
1 0.290234375 0.4055256749633968 0.012500000000000011 0.04033699999999997
1 0.303984375 0.39802067496339677 0.011875000000000024 0.04033800000000002
1 0.3121875 0.4025974172767204 0.016874999999999973 0.03470899999999994
1 0.336171875 0.5418635095168375 0.02812500000000001 0.10318999999999999
1 0.3708984375 0.5431432825768667 0.030625000000000013 0.12007499999999995
1 0.395234375 0.5506041229868228 0.012499999999999956 0.09474699999999998
1 0.408984375 0.5470796383601757 0.013124999999999998 0.106004
1 0.424765625 0.5600552210834554 0.020000000000000018 0.07504699999999996
