2 0.0283203125 0.518108260393873 0.056875 0.17449200000000004
2 0.0302734375 0.42799387089715535 0.06125 0.11772999999999997
2 0.4825 0.49611317943107225 0.09500000000000003 0.196916
2 0.4937890625 0.3909255251641138 0.11312500000000003 0.15557100000000004
2 0.6826171875 0.5330547527352297 0.27312499999999995 0.25648199999999993
2 0.698203125 0.371461363238512 0.285625 0.20042100000000004
2 0.8950390625 0.3834740765864333 0.20687500000000003 0.16958700000000002
2 0.898359375 0.5398545579868709 0.20062500000000005 0.22775000000000012
2 0.9617578125 0.6051398008752736 0.07374999999999998 0.162578
2 0.984921875 0.6207416980306345 0.028125000000000067 0.137351
