0 0.3156255 0.7359585454545454 0.109375 0.09261399999999995
0 0.432421375 0.6905246158357771 0.07578200000000002 0.07268500000000008
0 0.4880856875 0.6585670322580645 0.03750000000000003 0.03517000000000004
0 0.5193354375 0.6878863401759531 0.06171899999999997 0.069167
0 0.5337890625 0.6219307565982405 0.019530999999999965 0.03165299999999987
0 0.5591794375 0.6292621348973607 0.029688000000000048 0.04689399999999996
0 0.5869140625 0.6620912375366569 0.04921900000000001 0.05627199999999998
0 0.584375 0.6146034809384164 0.03281200000000006 0.02930799999999996
0 0.6083979375 0.5970143782991202 0.014062999999999937 0.017585000000000104
0 0.615234625 0.6488978592375366 0.020311999999999997 0.04337699999999995
0 0.6619143125 0.5841327888563049 0.08906199999999997 0.06213399999999998
0 0.63203175 0.6178262052785923 0.024998999999999993 0.02461900000000003
0 0.6306640625 0.6357085835777125 0.017969000000000013 0.038686999999999964
0 0.6539065 0.6116709296187683 0.015625 0.02344599999999996
0 0.94843725 0.7119239941348974 0.10156299999999996 0.08558000000000002
