0 0.14851562499999998 0.8473117979502195 0.145625 0.13320800000000008
0 0.0322265625 0.8349324421669108 0.065625 0.148218
0 0.2953515625 0.8113489633967789 0.065 0.06941799999999988
0 0.3370703125 0.8193349326500733 0.026874999999999982 0.04596699999999993
0 0.4070703125 0.803046159590044 0.05687500000000001 0.02814199999999989
0 0.50953125 0.36396056515373354 0.19562500000000005 0.240151
0 0.4595703125 0.8182836749633967 0.026874999999999982 0.038461000000000016
0 0.5656640625 0.8172314172767203 0.01937500000000003 0.03283300000000016
0 0.65203125 0.8131808038067351 0.13312500000000005 0.04221399999999989
0 0.7223828125 0.8018796442166911 0.011249999999999982 0.015008999999999922
0 0.7286328125 0.8100240307467057 0.010000000000000009 0.023453000000000064
0 0.7376953125 0.815241159590044 0.02562500000000001 0.02907999999999995
0 0.7655859375 0.8029319019033676 0.013749999999999929 0.020637999999999917
0 0.818515625 0.8145306749633967 0.083125 0.0403380000000001
0 0.86578125 0.7998893865300146 0.009375000000000022 0.011257000000000017
0 0.9148828125 0.8075086442166911 0.010000000000000009 0.015008999999999922
