1 0.5440625 0.6250003333333334 0.046875 0.16749999999999998
1 0.2423828125 0.653125 0.01125000000000001 0.15833300000000006
1 0.2720703125 0.5178128333333333 0.025624999999999953 0.058333000000000045
1 0.2853125 0.61317675 0.04874999999999996 0.18083399999999994
1 0.301015625 0.601458 0.02124999999999999 0.15833399999999997
1 0.339140625 0.6314059166666667 0.05125000000000002 0.21749999999999994
1 0.330625 0.6234375 0.03187499999999999 0.1733330000000001
1 0.3484375 0.5139065833333333 0.016874999999999973 0.05166599999999999
1 0.3739453125 0.5345315833333334 0.026874999999999982 0.08083299999999993
1 0.378125 0.6248961666666667 0.03125 0.161666
1 0.4249609375 0.6355211666666666 0.04562499999999997 0.19416600000000006
1 0.4245703125 0.5343229166666666 0.026874999999999982 0.030833000000000037
1 0.453125 0.6188024166666666 0.03249999999999997 0.1716660000000001
1 0.457734375 0.5213024166666668 0.012499999999999956 0.04499999999999993
1 0.4822265625 0.6029166666666667 0.034999999999999976 0.14666699999999996
1 0.5742578125 0.5131767500000001 0.010000000000000009 0.05666699999999995
1 0.5792578125 0.5075520833333332 0.010624999999999996 0.06583300000000003
1 0.6166015625 0.5923434166666667 0.03500000000000003 0.1399999999999999
1 0.706875 0.7965104166666667 0.125 0.3891669999999999
1 0.7285546875 0.5653645833333334 0.03750000000000009 0.08083299999999986
