2 0.2298828125 0.8933336666666666 0.3225 0.2100000000000001
2 0.1021875 0.8423958333333333 0.04812499999999999 0.12083300000000004
2 0.37109375 0.7344270833333333 0.11812499999999998 0.160833
2 0.4545703125 0.7303125 0.05812499999999998 0.141667
2 0.5415234375 0.7072920000000001 0.12312500000000004 0.1566659999999999
2 0.5706640625 0.6716142499999999 0.11249999999999993 0.10333400000000004
2 0.553359375 0.682708 0.07500000000000007 0.0949999999999999
2 0.7480859375 0.8678645833333333 0.326875 0.20833299999999996
2 0.775 0.7058333333333334 0.09562499999999996 0.1666669999999999
2 0.779765625 0.6903649166666668 0.08250000000000002 0.124166
