0 0.099609375 0.85208725 0.2 0.29155499999999995
0 0.236328125 0.6630485 0.473333 0.672
0 0.12325293749999999 0.7206178333333334 0.202666 0.24533399999999994
0 0.203328125 0.6548398333333334 0.22266699999999998 0.247112
0 0.2729609375 0.5552705 0.170667 0.17422300000000002
0 0.339307625 0.45644075 0.11399999999999999 0.14844500000000002
0 0.3957001875 0.417542 0.05333399999999999 0.09511100000000001
0 0.4082265625 0.40604883333333336 0.06466699999999997 0.08977799999999998
0 0.4156533125 0.3870315833333333 0.057999999999999996 0.08088899999999999
0 0.4013623125 0.4462744166666666 0.027332999999999996 0.10755500000000007
0 0.4412216875 0.3642955833333334 0.03866599999999998 0.04977699999999996
0 0.4532685625 0.35315266666666667 0.033332999999999946 0.05422199999999999
0 0.49801075 0.31023633333333334 0.05533300000000002 0.07377799999999997
0 0.5460751875 0.2905794166666667 0.02200000000000002 0.045333999999999985
0 0.5781045 0.34877049999999993 0.04866599999999999 0.047111000000000014
0 0.62038575 0.44392058333333334 0.024666000000000077 0.08266599999999998
0 0.6976171875 0.4380240833333333 0.11533300000000002 0.12888899999999995
0 0.7036171875 0.48589941666666664 0.11533300000000002 0.140444
0 0.7326045 0.5273405 0.17333299999999996 0.204444
0 0.8355908125 0.70612175 0.22933400000000004 0.3066659999999999
0 0.89013575 0.8052399166666667 0.21266600000000002 0.3431110000000001
