0 0.0412890625 0.89588575 0.08125 0.1499999999999999
0 0.1234765625 0.8730205 0.065 0.11166700000000003
0 0.14933593750000002 0.8473954999999999 0.07625 0.08000000000000007
0 0.333046875 0.7301045 0.06 0.04833299999999996
0 0.3707421875 0.7197395833333333 0.02250000000000002 0.051666999999999984
0 0.393515625 0.7034375 0.020000000000000018 0.04833299999999996
0 0.4087890625 0.6815621666666667 0.01874999999999999 0.03833400000000009
0 0.4395703125 0.7475520833333333 0.057499999999999996 0.06666699999999996
0 0.424609375 0.6798961666666666 0.012500000000000011 0.038332999999999874
0 0.450078125 0.7049479166666668 0.036250000000000004 0.061666999999999916
0 0.545078125 0.6804684166666667 0.036250000000000004 0.04666699999999994
0 0.536953125 0.5894795 0.0050000000000000044 0.01666599999999992
0 0.5967578125 0.72125 0.04249999999999998 0.06333300000000008
0 0.609296875 0.7490625 0.05875000000000008 0.08000000000000007
0 0.600078125 0.6841145833333334 0.036250000000000004 0.01833299999999986
0 0.628515625 0.8722399166666667 0.08374999999999999 0.09333300000000004
0 0.656796875 0.9147392499999999 0.12250000000000005 0.1350000000000001
