2 0.15527325 0.6080730833333333 0.07031299999999999 0.16145800000000018
2 0.2539065625 0.6067705 0.06640600000000002 0.17317700000000005
2 0.323242 0.5976564166666666 0.06445300000000004 0.170573
2 0.40332 0.6041663333333332 0.0625 0.16796900000000012
2 0.4707033125 0.574219 0.057616999999999974 0.125
2 0.568358875 0.58723975 0.058593999999999924 0.15104100000000012
2 0.6396483125 0.588542 0.05664100000000005 0.15885399999999983
2 0.7031253125 0.584635 0.05761700000000003 0.15755200000000005
2 0.7626954375 0.588542 0.06054700000000002 0.15755199999999991
2 0.8271485 0.58723975 0.079102 0.14973900000000007
