1 0.050976812499999996 0.5958336666666666 0.042187 0.1781250000000001
1 0.112109375 0.5455729166666666 0.074219 0.279167
1 0.20234325 0.5554690833333333 0.07031299999999999 0.31562500000000004
1 0.3015625 0.5528649166666667 0.046875 0.24791599999999994
1 0.3275393125 0.6471350833333332 0.088281 0.22187500000000013
1 0.324608875 0.47994825 0.02734399999999998 0.102083
1 0.39140625 0.5606770833333333 0.10312499999999997 0.378125
1 0.4931640625 0.555208 0.050780999999999965 0.31250000000000006
1 0.5525390625 0.5515621666666667 0.050000000000000044 0.2875000000000001
1 0.619922125 0.619792 0.06796900000000006 0.40625
1 0.6765625 0.5942708333333333 0.078125 0.434375
1 0.7283203125 0.58463575 0.057812000000000086 0.3052080000000001
