1 0.5605466875 0.8258067096774194 0.037109999999999976 0.316129
1 0.1992190625 0.706451935483871 0.018554000000000015 0.13548400000000005
1 0.3505859375 0.6999995161290323 0.014647999999999994 0.11935499999999996
1 0.4404299375 0.6999997096774193 0.013672000000000017 0.11290399999999998
1 0.534179625 0.7354839677419355 0.02050799999999997 0.17419300000000001
1 0.5703121875 0.7161293548387097 0.021484999999999976 0.16129
1 0.59179675 0.803226064516129 0.02343800000000007 0.27096699999999996
1 0.6308593125 0.7806450322580645 0.02539099999999994 0.23548400000000005
1 0.6503901875 0.8129031612903226 0.05371099999999995 0.3645160000000001
1 0.6835934375 0.8161293548387097 0.029297000000000017 0.3580640000000001
1 0.6992191875 0.7838707096774193 0.022460999999999953 0.31290299999999993
1 0.747070375 0.8322583225806452 0.04394500000000001 0.32580600000000015
1 0.7880855625 0.7580640322580645 0.03320400000000001 0.23225899999999994
1 0.8037108125 0.8451609032258065 0.04199200000000003 0.30322600000000005
1 0.851563 0.829032322580645 0.03222600000000009 0.3290320000000002
1 0.8710936875 0.8645162580645162 0.03808599999999995 0.2612900000000001
1 0.8906250625 0.8741940322580644 0.050781000000000076 0.23870900000000014
1 0.893554875 0.729032064516129 0.027344000000000035 0.06774199999999993
1 0.930664 0.9193543548387096 0.0625 0.15483900000000017
1 0.93457 0.7677423548387097 0.03320299999999998 0.1612899999999999
1 0.9531253125 0.7870968387096774 0.02636700000000003 0.2451610000000001
1 0.97753925 0.8354835161290323 0.041015000000000024 0.31935500000000017
1 0.9912109375 0.7032262903225807 0.014647999999999994 0.09354799999999996
