2 0.082421875 0.6702531876832845 0.1525 0.28142599999999995
2 0.292265625 0.6850260850439882 0.20875000000000002 0.26829200000000014
2 0.3798046875 0.7081859120234604 0.22625 0.27767400000000003
2 0.5415625 0.7332862199413489 0.20500000000000002 0.31144500000000014
2 0.622421875 0.6481955718475073 0.08999999999999997 0.2101310000000001
2 0.7001171875 0.677284982404692 0.11625000000000008 0.255159
2 0.7759765625 0.6525309178885631 0.06625000000000003 0.19324599999999997
2 0.822421875 0.6759913284457478 0.09000000000000008 0.23827399999999996
2 0.8781640625 0.7013753988269795 0.11250000000000004 0.2176359999999999
2 0.926015625 0.7423676363636363 0.14500000000000002 0.27392099999999997
