1 0.26468749999999996 0.8619917647058823 0.048125 0.2608289999999999
1 0.009765625 0.7801568235294118 0.02 0.14595099999999986
1 0.037578125000000004 0.7862076470588236 0.036250000000000004 0.18926600000000007
1 0.07132812499999999 0.6970197647058823 0.036875 0.05932199999999998
1 0.07230468749999999 0.7874458823529412 0.038125 0.17984899999999984
1 0.1339453125 0.7393821764705882 0.02687500000000001 0.106403
1 0.1739453125 0.7587321764705882 0.026874999999999982 0.15819200000000008
1 0.1750390625 0.686017 0.019375000000000003 0.052731000000000076
1 0.1933203125 0.7177241764705882 0.02562499999999998 0.106403
1 0.305390625 0.6894238823529412 0.02062499999999995 0.080979
1 0.319453125 0.7923339411764707 0.036250000000000004 0.1676079999999999
1 0.3447265625 0.8735462941176471 0.065 0.17890699999999995
1 0.33421875 0.6777114705882352 0.02437499999999998 0.08474599999999997
1 0.3654296875 0.7331281176470589 0.03750000000000003 0.17137499999999986
1 0.3855078125 0.7744429411764706 0.04125000000000001 0.16572500000000007
1 0.4444140625 0.6950728823529412 0.01874999999999999 0.08097999999999998
1 0.555 0.8165392352941176 0.06437499999999996 0.3436909999999999
1 0.9347265625 0.8178297647058825 0.12812500000000004 0.36063999999999985
