0 0.503125 0.5337503333333333 0.938125 0.605
0 0.150390625 0.25265658333333335 0.30125 0.11416600000000003
0 0.2783203125 0.3807809166666667 0.558125 0.31
0 0.0594140625 0.18911458333333334 0.049375 0.020000000000000018
0 0.12742187500000002 0.18755175 0.090625 0.02416700000000005
0 0.186875 0.20156216666666668 0.12624999999999997 0.03749999999999998
0 0.1726171875 0.16661458333333334 0.05437500000000001 0.02083299999999999
0 0.2756640625 0.20953158333333333 0.14312499999999997 0.08249999999999998
0 0.29203125 0.16291666666666668 0.07124999999999998 0.021666999999999992
0 0.447109375 0.20302116666666667 0.106875 0.06916599999999999
0 0.4865234375 0.17609408333333332 0.030624999999999958 0.03416600000000001
0 0.558828125 0.16421875 0.0675 0.025832999999999995
0 0.583984375 0.20114583333333333 0.10562499999999997 0.059167000000000004
0 0.70078125 0.2041666666666667 0.16562500000000002 0.08583299999999998
0 0.652265625 0.17333333333333334 0.05125000000000002 0.04249999999999998
0 0.8334375 0.17203125 0.04749999999999999 0.04083300000000001
0 0.9255859375 0.17406216666666666 0.04500000000000004 0.03750000000000001
0 0.9590625 0.9182291666666668 0.07937499999999997 0.161667
0 0.9684765625 0.19203125 0.03499999999999992 0.04
