0 0.4998828125 0.7412818594436311 0.19874999999999998 0.18105099999999996
0 0.0993359375 0.6903349633967789 0.108125 0.06941900000000002
0 0.288984375 0.694087963396779 0.04375000000000001 0.06941799999999997
0 0.372421875 0.6951402210834554 0.06 0.07504699999999996
0 0.611953125 0.7093955768667642 0.03562500000000002 0.06097499999999997
0 0.6830078125 0.7256401903367496 0.041874999999999996 0.05253300000000002
0 0.780234375 0.722940448023426 0.07562499999999994 0.05816100000000004
0 0.8494140625 0.7336713191800879 0.08187500000000003 0.05347099999999999
0 0.928125 0.7296207057101025 0.0625 0.061914
0 0.972265625 0.7347235768667643 0.05249999999999999 0.059099000000000096
