1 0.4553515625 0.5900453913043479 0.12812500000000004 0.4905449999999999
1 0.095703125 0.7855627826086956 0.191875 0.34260300000000005
1 0.079609375 0.7324181304347825 0.136875 0.24360400000000007
1 0.28765625 0.655197347826087 0.10249999999999998 0.304783
1 0.3544140625 0.9137751304347826 0.143125 0.16685199999999994
1 0.3666015625 0.6256223043478262 0.06625000000000003 0.4349279999999999
1 0.5733984375 0.5144152173913044 0.09250000000000003 0.300334
1 0.6581640625 0.7478571304347825 0.17437499999999995 0.484983
1 0.66640625 0.5042008695652174 0.07062500000000005 0.31924399999999997
1 0.7042578125 0.15120808695652174 0.04249999999999998 0.21802000000000002
1 0.7675 0.09913043478260869 0.06437500000000007 0.200222
1 0.7501953125 0.10813552173913044 0.02562500000000001 0.09566200000000001
1 0.8442578125 0.09217391304347826 0.073125 0.18465
