0 0.05859375 0.82703125 0.118125 0.28916699999999995
0 0.1441796875 0.7628128333333333 0.195 0.1825000000000001
0 0.2708203125 0.7514059166666667 0.08812500000000001 0.09166700000000001
0 0.302421875 0.7210940833333334 0.02749999999999997 0.034999999999999996
0 0.3655859375 0.7178125 0.014374999999999971 0.016666999999999987
0 0.3881640625 0.7207815833333333 0.018125000000000002 0.020000000000000018
0 0.415234375 0.7168753333333333 0.012500000000000011 0.011665999999999954
0 0.6325390625 0.7914583333333334 0.20562499999999995 0.19999999999999987
0 0.8402734375 0.8023958333333333 0.24812499999999993 0.12083300000000004
0 0.9780078125 0.8171350833333334 0.041874999999999996 0.12916699999999995
