2 0.223125 0.8083854166666667 0.40812499999999996 0.358333
2 0.0615234375 0.6314065833333333 0.123125 0.17583300000000004
2 0.0712890625 0.6279166666666667 0.14375 0.14749999999999996
2 0.30390625 0.606667 0.07125000000000004 0.12749999999999995
2 0.5283203125 0.6452600833333334 0.308125 0.2841669999999999
2 0.8398828125 0.7915621666666667 0.260625 0.41333400000000003
2 0.812265625 0.5886975833333333 0.05125000000000002 0.08250000000000002
2 0.8201953125 0.53734375 0.05812499999999998 0.05583300000000002
2 0.839296875 0.53703125 0.028124999999999956 0.04083300000000004
2 0.9091015625 0.5643229166666667 0.03375000000000006 0.03083299999999996
2 0.9684765625 0.5922399166666666 0.03499999999999992 0.09250000000000003
