0 0.013671875 0.560625 0.0275 0.0324999999999999
0 0.186015625 0.5983854166666668 0.11500000000000002 0.10833300000000001
0 0.2958203125 0.5927604166666667 0.08812500000000001 0.07749999999999997
0 0.4132421875 0.5641663333333332 0.11624999999999996 0.044167000000000144
0 0.4646484375 0.6143225833333333 0.15624999999999994 0.11416700000000006
0 0.4259765625 0.5438538333333334 0.03375 0.02749999999999993
0 0.631328125 0.5721354166666667 0.12937500000000002 0.04666699999999987
0 0.7429296875 0.6234371666666666 0.19374999999999998 0.13083400000000003
0 0.707421875 0.5529684166666667 0.05937500000000007 0.04666699999999994
0 0.7755859375 0.5598961666666668 0.07624999999999993 0.03749999999999994
0 0.83859375 0.5858854166666666 0.08687499999999992 0.10833300000000001
0 0.9041796875 0.6577086666666666 0.16249999999999998 0.17916600000000002
