0 0.0234375 0.5667705 0.046875 0.0483340000000001
0 0.0419921875 0.7353649166666667 0.085625 0.1224999999999999
0 0.2134765625 0.6157809166666667 0.06562500000000002 0.06083399999999998
0 0.27339843750000004 0.5715621666666667 0.09312499999999999 0.036667000000000005
0 0.3640234375 0.5715621666666667 0.060624999999999984 0.036667000000000005
0 0.497578125 0.5990100833333334 0.285625 0.0966669999999999
0 0.396640625 0.6184375 0.08249999999999996 0.048333000000000036
0 0.476015625 0.5905725833333334 0.23874999999999996 0.04999999999999997
0 0.5556640625 0.5637496666666667 0.05062500000000003 0.022500000000000037
0 0.5934765625 0.6188024166666666 0.09687499999999993 0.046666000000000096
0 0.6128125 0.5652600833333333 0.046875 0.03583400000000007
0 0.6312109375 0.7158336666666667 0.07750000000000001 0.08583300000000005
0 0.656328125 0.6297395833333334 0.0668749999999999 0.051666999999999984
0 0.833125 0.7091666666666666 0.15625 0.08416700000000003
0 0.9086328125 0.5871878333333332 0.0412499999999999 0.027500000000000007
0 0.956640625 0.6350003333333333 0.08374999999999999 0.04333299999999999
0 0.9690625 0.5909899166666667 0.04874999999999996 0.029165999999999876
0 0.9731640625 0.68348925 0.05062500000000003 0.07083399999999991
0 0.9803515625 0.58755175 0.03500000000000003 0.025833999999999913
0 0.9887890625 0.6253125 0.01937500000000003 0.017499999999999998
