0 0.2298343125 0.6890625 0.151828 0.14249999999999993
0 0.044921875 0.4533333333333333 0.090909 0.10625000000000002
0 0.2435778125 0.5142708333333333 0.13495800000000002 0.09000000000000008
0 0.345772375 0.7753645833333334 0.13777 0.08250000000000002
0 0.4439355 0.5874479166666666 0.07872600000000002 0.0612500000000001
0 0.4713904375 0.6713020833333334 0.09278399999999998 0.06750000000000005
0 0.6171226875 0.7801041666666667 0.06841600000000003 0.06999999999999999
0 0.6547679375 0.7400520833333334 0.07778800000000008 0.06624999999999999
0 0.6958476875 0.6976041666666667 0.06841599999999992 0.06875000000000009
0 0.748606625 0.8266145833333334 0.08247500000000008 0.08250000000000002
0 0.8109674375 0.7673958333333334 0.06091800000000003 0.05749999999999996
0 0.9018764375 0.7971875 0.06185499999999999 0.04750000000000002
