1 0.0919140625 0.6800177496339678 0.080625 0.380863
1 0.0302734375 0.5120306515373353 0.060625 0.403377
1 0.0483984375 0.4675970922401171 0.029375 0.07129400000000001
1 0.160546875 0.6599145959004392 0.06 0.263602
1 0.174140625 0.6231452401171304 0.05250000000000002 0.28048700000000004
1 0.1957421875 0.4528857057101025 0.021875000000000006 0.061914
1 0.2340625 0.7189357803806734 0.078125 0.4052530000000002
1 0.2126953125 0.4484933191800879 0.02562499999999998 0.054408999999999964
1 0.2261328125 0.5323423133235725 0.041874999999999996 0.14446599999999998
1 0.27261718749999997 0.49852715373352857 0.05374999999999999 0.11726100000000002
1 0.3720703125 0.7595012957540264 0.08875 0.417448
1 0.410234375 0.514589411420205 0.044375 0.124765
1 0.5058984375 0.7455176149341142 0.09374999999999994 0.46904300000000004
1 0.48640625 0.5009993806734993 0.03937499999999999 0.1022520000000001
1 0.56453125 0.4105237920937042 0.07187499999999991 0.22326400000000002
1 0.65859375 0.7483575534407028 0.08687500000000004 0.423077
1 0.6869140625 0.5228038960468522 0.050000000000000044 0.11350800000000007
1 0.7356640625 0.5384974421669106 0.04999999999999993 0.14915599999999996
1 0.744453125 0.7220473938506589 0.06812499999999999 0.395873
1 0.7978125 0.5557953133235725 0.04874999999999996 0.14634099999999997
1 0.808125 0.7119828477306003 0.0625 0.36022499999999996
1 0.86328125 0.6915292035139092 0.07062500000000005 0.346154
