1 0.427609375 0.5559534586636466 0.2 0.36785200000000007
1 0.5792216875 0.31316806228765565 0.03733299999999995 0.051778000000000074
1 0.5845078125 0.2933285764439411 0.04266700000000001 0.061823999999999955
1 0.648245125 0.23864563873159683 0.03533300000000006 0.11205600000000003
1 0.755421875 0.6531124813137034 0.21666699999999994 0.386399
1 0.7158876875 0.19203858210645525 0.03866700000000001 0.06723400000000002
1 0.7477939375 0.2598171472253681 0.04600000000000004 0.11901099999999998
1 0.7879345625 0.25575362740656854 0.03399999999999992 0.10278199999999997
1 0.832292 0.1986340792751982 0.031332999999999944 0.06491499999999999
1 0.87953125 0.21888706228765573 0.040000000000000036 0.05100500000000001
