0 0.49984375000000003 0.49604155555555557 0.7112499999999999 0.833333
0 0.2265625 0.44888900000000004 0.45375 0.503333
0 0.358984375 0.1833337777777778 0.044375 0.057776999999999995
0 0.82703125 0.1422917777777778 0.07187500000000002 0.088889
0 0.9083203125 0.31187522222222225 0.181875 0.28888899999999995
0 0.86046875 0.13111077777777777 0.024375000000000036 0.055556000000000015
0 0.8787109375 0.12048566666666666 0.015000000000000013 0.052222999999999985
0 0.9080078125 0.12645833333333334 0.0737500000000001 0.07333300000000001
0 0.9526953125 0.15541633333333332 0.08812500000000001 0.10555600000000001
0 0.94875 0.09402811111111112 0.03187499999999999 0.036666000000000004
0 0.9894140625 0.0838888888888889 0.018750000000000044 0.031110999999999986
