0 0.01171875 0.5915134347826086 0.024375 0.041202999999999934
0 0.0653125 0.6276223913043477 0.11 0.09354200000000001
0 0.096484375 0.6137093478260869 0.07562500000000001 0.06347500000000013
0 0.173046875 0.6102310869565216 0.06 0.05679300000000012
0 0.2130859375 0.5932525652173913 0.04625000000000001 0.04343000000000005
0 0.25785156249999996 0.6198273913043477 0.12812500000000002 0.09354100000000017
0 0.2897265625 0.6121084782608696 0.09749999999999998 0.06904199999999995
0 0.3421875 0.6202540869565217 0.017500000000000016 0.055678999999999985
0 0.359453125 0.6108572173913044 0.03687499999999999 0.06236099999999999
0 0.375625 0.5912389130434783 0.033125000000000016 0.025612
0 0.3765625 0.6041130434782608 0.016874999999999973 0.027840000000000167
0 0.405859375 0.6180260869565216 0.04312499999999997 0.05568000000000013
0 0.4456640625 0.5939537826086957 0.01874999999999999 0.02115799999999996
0 0.4694921875 0.6041130434782608 0.02250000000000002 0.027840000000000167
0 0.5328125 0.6352050434782609 0.140625 0.11024499999999988
0 0.5476953124999999 0.7131903913043478 0.15125000000000005 0.253898
0 0.618203125 0.6006347826086955 0.03562500000000002 0.02338600000000003
