0 0.4968803125 0.4956579258589512 0.745814 0.738028
0 0.02734375 0.20295395660036167 0.054795 0.09295799999999999
0 0.0517578125 0.2899622784810127 0.105023 0.25633799999999995
0 0.049339625 0.16136263652802893 0.019787 0.008451000000000014
0 0.1532253125 0.30599255334538883 0.18264799999999998 0.349296
0 0.167603375 0.18428018264014467 0.04414000000000001 0.039437
0 0.225441375 0.1824718643761302 0.04414000000000001 0.03380300000000001
0 0.317574375 0.20413613924050633 0.106545 0.12676099999999998
0 0.420671375 0.22670668354430382 0.07610299999999998 0.078874
0 0.560621 0.17718486618444848 0.156773 0.112676
0 0.7503685 0.23908477757685354 0.23592100000000005 0.21690199999999996
0 0.9214663125 0.8712529602169982 0.15220699999999998 0.25070400000000015
