2 0.0849609375 0.7936979166666668 0.17 0.12416699999999992
2 0.11015625 0.7654166666666667 0.13437500000000002 0.14666700000000002
2 0.20046875 0.8239579999999999 0.211875 0.1566670000000001
2 0.2749609375 0.8269788333333333 0.23375 0.1841670000000001
2 0.436171875 0.8353649166666667 0.15249999999999997 0.248333
2 0.3958203125 0.7849475833333334 0.05687500000000001 0.143334
2 0.5002734375 0.80671875 0.06187500000000001 0.1499999999999999
2 0.5966796875 0.820625 0.06874999999999998 0.15833299999999997
2 0.65875 0.7960934166666668 0.0943750000000001 0.2016669999999999
2 0.6725 0.7511461666666667 0.0625 0.09916600000000002
2 0.756171875 0.8231253333333334 0.18499999999999994 0.198333
2 0.8743359375 0.7282815833333333 0.07624999999999993 0.020832999999999952
