2 0.9240234375 0.5685518843338214 0.09187499999999993 0.29455899999999996
2 0.0458984375 0.48652601317715954 0.0925 0.296435
2 0.4990234375 0.36060321522694 0.999375 0.16416499999999992
2 0.3505859375 0.655927149341142 0.326875 0.6857409999999999
2 0.264765625 0.4791794304538799 0.11375000000000002 0.32926799999999995
2 0.415546875 0.3904637979502196 0.058750000000000024 0.13320800000000005
2 0.549375 0.5021312401171304 0.09375 0.27955
2 0.6219140625 0.3823625710102489 0.08187499999999992 0.150094
2 0.6939453125 0.4586903440702782 0.08812500000000001 0.16697899999999996
2 0.8316796875 0.40826085944363105 0.07000000000000006 0.17917500000000006
