0 0.5664642777036049 0.5681640625 0.3145300000000001 0.08187500000000003
0 0.20161350467289718 0.4541796875 0.317949 0.07
0 0.19995971028037385 0.5627734375 0.300855 0.09250000000000003
0 0.2094679372496662 0.676171875 0.30598300000000006 0.06000000000000005
0 0.2120319372496662 0.9354296875 0.30598300000000006 0.06999999999999995
0 0.2044513484646195 0.3351953125 0.269231 0.05812499999999998
0 0.21251823497997327 0.8029296875 0.266667 0.10062499999999996
0 0.5368179372496662 0.3299609375 0.30598300000000006 0.07687500000000003
0 0.54659482376502 0.452421875 0.30427299999999996 0.06000000000000005
0 0.5519904833110815 0.92640625 0.2948719999999999 0.07187500000000002
0 0.5546607102803739 0.808203125 0.29914599999999997 0.06812499999999999
0 0.5507115754339119 0.6840234375 0.2735040000000001 0.09249999999999992
0 0.8618225754339118 0.4524609375 0.2735040000000001 0.07687500000000003
0 0.8646552349799732 0.7923828125 0.26581200000000005 0.07374999999999998
0 0.8704257810413885 0.3222265625 0.25555500000000003 0.06625000000000003
0 0.8704257810413885 0.6869140625 0.25555500000000003 0.08187500000000003
0 0.87411244058745 0.2040234375 0.24786299999999992 0.0925
0 0.8798829866488652 0.9253515625 0.2367519999999999 0.06500000000000006
