1 0.0230078125 0.24139986784140968 0.041249999999999995 0.150517
1 0.0528125 0.18667715124816445 0.04875 0.117592
1 0.061328125 0.2979587254038179 0.035625000000000004 0.15616200000000002
1 0.1681640625 0.24621772540381792 0.05000000000000002 0.15616199999999997
1 0.4385546875 0.4749017635829662 0.16312500000000002 0.6923799999999999
1 0.47515625 0.6133533201174743 0.10249999999999998 0.48259599999999997
1 0.5176953125 0.2356641497797357 0.026874999999999982 0.09877699999999999
1 0.6240234375 0.3519228781204112 0.12437500000000001 0.29539
1 0.6045703125 0.20592786196769458 0.02562500000000001 0.06773299999999999
1 0.6218359375 0.19294171806167398 0.014375000000000027 0.055503000000000004
1 0.7533203125 0.5784976211453744 0.15125 0.6961430000000001
1 0.771484375 0.2701492966226138 0.07437499999999997 0.15428000000000006
1 0.8339453125 0.23506772246696037 0.02562500000000001 0.11571000000000001
1 0.8924609375 0.27831758296622616 0.04500000000000004 0.161806
1 0.9253515625 0.30133229368575626 0.034375000000000044 0.11382800000000003
1 0.9232421875 0.2801537239353891 0.021874999999999978 0.13546500000000006
