1 0.0201171875 0.5371878333333333 0.023125 0.15333300000000002
1 0.0435546875 0.5381250000000001 0.0375 0.1566669999999999
1 0.0701953125 0.5381250000000001 0.026875000000000003 0.15833299999999997
1 0.100859375 0.5388538333333334 0.04375 0.151667
1 0.4799609375 0.56744825 0.04562500000000003 0.10166600000000003
1 0.5174609375 0.548958 0.04500000000000004 0.15666699999999997
1 0.5608203125 0.5867705 0.05687500000000001 0.2991670000000002
1 0.6496484375 0.5870315833333334 0.06187500000000001 0.08083299999999993
1 0.69375 0.5508333333333334 0.03125 0.16666699999999998
1 0.808125 0.5797916666666666 0.03187499999999999 0.11499999999999999
1 0.8505859375 0.557292 0.04500000000000004 0.15833299999999992
1 0.9175 0.591875 0.03187499999999999 0.0958329999999999
1 0.9453515625 0.5740100833333334 0.03375000000000006 0.09666700000000006
