1 0.1479296875 0.4550524166666667 0.037500000000000006 0.10833300000000001
1 0.2561328125 0.5936975833333333 0.13562500000000002 0.330834
1 0.3386328125 0.4953125 0.04125000000000001 0.14166700000000007
1 0.3655078125 0.47286425 0.04250000000000004 0.16500000000000004
1 0.4759765625 0.41874966666666663 0.16000000000000003 0.14666700000000002
1 0.4676953125 0.4195315833333333 0.026874999999999982 0.0833330000000001
1 0.588359375 0.47494758333333337 0.04312499999999997 0.14499999999999993
1 0.7807421875 0.5123958333333333 0.428125 0.37166699999999997
1 0.63828125 0.4536458333333333 0.039999999999999925 0.1825000000000001
1 0.6915625 0.4526559166666666 0.04749999999999999 0.1550000000000001
1 0.761640625 0.4551045 0.051875000000000004 0.1741659999999999
1 0.8309375 0.4402083333333333 0.04874999999999996 0.13750000000000004
1 0.911328125 0.44468749999999996 0.036250000000000004 0.11000000000000003
1 0.95484375 0.56140625 0.08750000000000002 0.26000000000000006
