2 0.06390625 0.559492307467057 0.07187500000000001 0.23617599999999997
2 0.174296875 0.5693352767203514 0.05875 0.21087099999999995
2 0.22125 0.5822789209370425 0.09499999999999997 0.22680399999999998
2 0.2998828125 0.4929581844802343 0.04250000000000004 0.14058200000000004
2 0.3352734375 0.4812451537335286 0.030625000000000013 0.11715099999999994
2 0.3726171875 0.4482096383601757 0.023125000000000007 0.10590500000000003
2 0.400625 0.46707089604685215 0.03187499999999999 0.11152800000000003
2 0.428359375 0.5519381478770132 0.075625 0.20899699999999993
2 0.412265625 0.4814225095168375 0.02062499999999995 0.10402999999999997
2 0.4831640625 0.46765812298682286 0.018125000000000002 0.0937209999999999
2 0.4908203125 0.4839970556368961 0.026874999999999982 0.1396439999999999
2 0.5294921875 0.5836257920937042 0.08437500000000003 0.2249299999999999
2 0.5776171875 0.5631841478770131 0.053749999999999964 0.20806000000000002
2 0.6107421875 0.5173222459736457 0.053750000000000075 0.187441
2 0.6857421875 0.557972019033675 0.08437499999999998 0.20618500000000003
2 0.775390625 0.5872023748169839 0.083125 0.19212699999999996
2 0.8380859375 0.5645320190336749 0.07687499999999992 0.20524800000000004
2 0.957265625 0.5726734055636896 0.083125 0.21462
2 0.9833984375 0.5510612459736457 0.030625000000000013 0.18837899999999996
