0 0.181640625 0.747636973439575 0.365047 0.499297
0 0.4443359375 0.7161395046480744 0.889349 0.5639949999999999
0 0.05284925 0.48569163745019917 0.103413 0.081575
0 0.1710255625 0.48569163745019917 0.12823199999999998 0.081575
0 0.2192858125 0.4792084887118194 0.10444700000000001 0.06329100000000006
0 0.27714225000000003 0.4876474887118194 0.071354 0.06188400000000002
0 0.3327545 0.48913246746347944 0.07962799999999998 0.059070999999999985
0 0.63609625 0.4990554462151394 0.10341299999999998 0.05625899999999998
0 0.7145198125 0.48889653120849935 0.07342300000000002 0.06891699999999999
0 0.7610548125 0.48209946746347937 0.07238900000000004 0.0590720000000001
0 0.8366616875 0.49202344621513944 0.06928599999999996 0.05625900000000006
0 0.96472225 0.47413133997343954 0.040331000000000006 0.045007000000000054
