0 0.015625 0.896484375 0.03125 0.07578099999999999
0 0.061197916666666664 0.8427731875 0.122917 0.02187500000000009
0 0.15104166666666666 0.8904299375 0.303125 0.10859300000000005
0 0.10026075000000001 0.89531275 0.18125 0.08750000000000002
0 0.2309895833333333 0.880859375 0.1125 0.07578099999999999
0 0.3013020833333333 0.7041015625 0.036458000000000025 0.12890599999999997
0 0.3513020833333333 0.7947265625 0.09791700000000007 0.034375000000000044
0 0.33671841666666663 0.648828375 0.013542000000000018 0.011719000000000035
0 0.3427086666666666 0.773046625 0.022916000000000086 0.020313000000000025
0 0.3440104166666667 0.670703375 0.013541999999999943 0.012499999999999956
0 0.35859375 0.8365229375 0.02500000000000006 0.014063000000000048
0 0.3593746666666666 0.84453125 0.022917000000000076 0.00859399999999999
0 0.3736975833333333 0.6912109375 0.050000000000000044 0.10859400000000008
0 0.3755208333333333 0.8601565 0.02708300000000004 0.015625
0 0.4861979166666666 0.899219 0.24791700000000003 0.06328100000000003
0 0.38463508333333335 0.8962893125 0.034375000000000044 0.027343000000000006
0 0.40156283333333337 0.839453375 0.02708300000000004 0.013281000000000098
