1 0.0029296875 0.7065562941176471 0.006875 0.02822200000000003
1 0.0074609375 0.6635206470588235 0.015 0.038570000000000076
1 0.0675 0.7114655882352942 0.03187500000000001 0.15428099999999995
1 0.0812109375 0.6576382941176471 0.014374999999999999 0.02728100000000002
1 0.0983984375 0.7181044705882352 0.029375 0.13358500000000012
1 0.1458984375 0.7169261176470588 0.030624999999999986 0.12135500000000005
1 0.18484375 0.7325615882352942 0.024375000000000008 0.10442200000000007
1 0.395 0.7183967058823529 0.03249999999999997 0.12511799999999992
1 0.4340234375 0.7158130588235294 0.030625000000000013 0.13734700000000008
1 0.4712109375 0.6782265294117646 0.01375000000000004 0.06961400000000006
1 0.77671875 0.8055832352941177 0.024375000000000036 0.34148699999999993
1 0.809921875 0.796014588235294 0.09124999999999994 0.40451500000000007
1 0.8947265625 0.7883155294117647 0.06562499999999993 0.4195670000000001
1 0.941015625 0.7625155294117648 0.11499999999999999 0.470367
1 0.9909375 0.6144938823529412 0.016249999999999987 0.08090300000000003
