0 0.2359765625 0.6688915155807366 0.221875 0.12432000000000001
0 0.0625 0.6802229603399433 0.125625 0.145191
0 0.4281640625 0.6648200708215297 0.174375 0.10072599999999998
0 0.5712890625 0.6577379178470255 0.11250000000000004 0.0871139999999999
0 0.779296875 0.6449900424929179 0.09125000000000005 0.05989099999999994
0 0.8338671875 0.6403421813031162 0.053749999999999964 0.054447000000000044
0 0.88109375 0.6375093201133145 0.05625000000000002 0.04990899999999998
0 0.9293359375 0.8389995042492918 0.13937500000000003 0.30671499999999996
0 0.9380078125 0.6383064589235128 0.04249999999999998 0.04264999999999994
0 0.9671484375 0.6391035977337111 0.02937500000000004 0.03720500000000007
