0 0.125 0.4991379941690962 0.251875 0.21455200000000005
0 0.158203125 0.8157203498542274 0.3175 0.2313430000000001
0 0.038359375 0.5308487638483965 0.075 0.12220200000000003
0 0.263671875 0.5116127346938776 0.21625 0.185634
0 0.2815625 0.37844279300291545 0.17312500000000003 0.05783600000000001
0 0.297421875 0.42112250437317783 0.15375 0.09328300000000002
0 0.320078125 0.7024364606413994 0.13 0.18936500000000006
0 0.7466015625 0.7807323119533527 0.50375 0.11473800000000006
0 0.881640625 0.9013012157434402 0.11375000000000002 0.12779900000000002
0 0.97109375 0.8927292303206996 0.055625000000000036 0.09608200000000011
0 0.977109375 0.8136695189504373 0.04312500000000008 0.05970099999999998
