2 0.64145775 0.5854243790087463 0.11882499999999996 0.16713400000000003
2 0.0498046875 0.9087162827988338 0.100063 0.17927100000000004
2 0.028758 0.39220453352769674 0.033146 0.02707700000000006
2 0.086351125 0.5345659562682216 0.09881200000000001 0.09803900000000007
2 0.3861485625 0.793497921282799 0.22264 0.3734829999999999
2 0.5780393125 0.43217316326530614 0.05816100000000002 0.04201700000000002
2 0.81164 0.9118121049562682 0.375235 0.171802
2 0.7795195625 0.8070471137026239 0.22263900000000003 0.35014000000000006
2 0.734410375 0.5312412303206997 0.10631600000000008 0.09523799999999996
2 0.9245924375 0.4298483556851312 0.030644000000000005 0.01867399999999999
2 0.9756 0.4323535335276968 0.03189500000000001 0.02707800000000002
