1 0.6573046875 0.7070767153284672 0.06937499999999996 0.2679739999999999
1 0.064375 0.6948563649635037 0.0625 0.193277
1 0.1503125 0.6828370729927007 0.046875 0.19887900000000003
1 0.21421875 0.6855860510948905 0.05499999999999999 0.2212890000000001
1 0.265625 0.696123795620438 0.06374999999999997 0.32493000000000005
1 0.317265625 0.6935672408759124 0.05125000000000002 0.17647000000000002
1 0.326484375 0.6976210072992701 0.044375 0.26050399999999985
1 0.3652734375 0.6558484525547444 0.02999999999999997 0.11297800000000008
1 0.390390625 0.7036154890510948 0.05125000000000002 0.21288499999999996
1 0.503046875 0.6954862627737226 0.028124999999999956 0.15686299999999995
1 0.5383984375 0.6950791167883211 0.02937499999999993 0.15873
1 0.6021875 0.7205411970802919 0.04874999999999996 0.21755300000000022
1 0.79546875 0.6897498905109488 0.024375000000000036 0.10364200000000003
1 0.8170703125 0.6888315547445256 0.026875000000000093 0.14939299999999991
1 0.8517578125 0.6863199927007299 0.04249999999999998 0.14098900000000011
1 0.9248828125 0.6906101751824818 0.04249999999999998 0.23716200000000004
1 0.96390625 0.6899802773722628 0.07062500000000005 0.27731100000000014
