0 0.140390625 0.7134972403486923 0.11437499999999999 0.07097299999999997
0 0.1934765625 0.8017085404732255 0.19 0.09489599999999991
0 0.248828125 0.7035346002490659 0.09937499999999999 0.051834000000000005
0 0.36605468750000003 0.8016538505603985 0.28874999999999995 0.11403500000000001
0 0.476640625 0.7915925504358655 0.17750000000000005 0.08772000000000002
0 0.4496875 0.7261146102117061 0.11062499999999997 0.04465699999999995
0 0.5716015625 0.7351269003735991 0.12812499999999993 0.07575799999999996
0 0.6918359375 0.7429485504358656 0.1087499999999999 0.0893139999999999
0 0.8538671875 0.8143581606475715 0.14687499999999998 0.13078200000000006
0 0.886875 0.7389175803237858 0.09562500000000007 0.06539099999999996
