0 0.76015625 0.9345132127139364 0.10312500000000002 0.11667900000000006
0 0.024609375 0.8198729022004891 0.04375 0.040720999999999785
0 0.0430078125 0.9299838410757946 0.0725 0.06499600000000004
0 0.078203125 0.7738234327628362 0.035625000000000004 0.027408000000000047
0 0.0875390625 0.8300529022004891 0.049375 0.03915499999999995
0 0.1103515625 0.9622818166259168 0.06625 0.07361000000000002
0 0.1325 0.7766119266503667 0.0325 0.029757000000000006
0 0.146171875 0.8579398410757946 0.05875 0.06499600000000018
0 0.1484375 0.8171409511002444 0.048125 0.02192600000000002
0 0.14703125 0.7891409266503668 0.04000000000000001 0.03054099999999997
0 0.148046875 0.7411819511002445 0.028749999999999998 0.02192600000000002
0 0.1753125 0.7515529266503667 0.017499999999999988 0.03054100000000011
0 0.2602734375 0.6649967799511002 0.18625 0.09005499999999998
0 0.206328125 0.9293918166259167 0.06812499999999999 0.07439300000000014
0 0.191796875 0.7641779144254278 0.027499999999999997 0.03602200000000002
0 0.1944921875 0.7306574449877752 0.021875000000000006 0.02349299999999997
0 0.2118359375 0.8428698655256723 0.04500000000000001 0.054816000000000094
0 0.2191796875 0.7802794083129584 0.03812499999999999 0.03837100000000012
0 0.229296875 0.7405899266503667 0.027499999999999997 0.029757000000000148
0 0.2332421875 0.7159319755501222 0.021875000000000006 0.010180000000000092
0 0.322890625 0.7288439266503668 0.020625000000000004 0.03132299999999998
0 0.354375 0.762707902200489 0.03187499999999999 0.04150399999999991
0 0.3644921875 0.7174414327628361 0.022499999999999964 0.02897400000000002
0 0.38671875 0.8524578410757946 0.05625000000000002 0.06499699999999987
0 0.4186328125 0.7614854083129585 0.04125000000000001 0.03837099999999984
0 0.48203125 0.7567874083129584 0.039999999999999925 0.037587999999999996
0 0.5510937499999999 0.9517017677261614 0.11812499999999998 0.09396999999999993
0 0.5745703125 0.8134563716381419 0.057499999999999996 0.051684
