0 0.2704147364568082 0.8478515625 0.087242 0.03437499999999993
0 0.6997973513909224 0.300390625 0.5534709999999999 0.08374999999999999
0 0.7012173206442167 0.24484375 0.532833 0.08625000000000002
0 0.6883387745241581 0.3537890625 0.495309 0.08187500000000003
0 0.481852448023426 0.853671875 0.056285 0.02750000000000008
0 0.6887765841874085 0.3990234375 0.446529 0.09249999999999997
0 0.5394172210834554 0.86453125 0.074109 0.03937500000000005
0 0.697613234260615 0.4483203125 0.37148200000000003 0.08875
0 0.86651160761347 0.87625 0.08442799999999995 0.03249999999999997
0 0.9687194480234261 0.896875 0.05628499999999992 0.06312499999999999
