1 0.655273625 0.696035449339207 0.08300800000000008 0.292217
1 0.13574243749999998 0.6182090161527166 0.060547000000000004 0.229074
1 0.203124625 0.618208731277533 0.019531999999999994 0.24082199999999998
1 0.2675781875 0.6196774434654919 0.023436999999999986 0.20998500000000003
1 0.28222675 0.5888400117474303 0.025389999999999968 0.16593200000000005
1 0.3085933125 0.5947141556534509 0.025390999999999997 0.1820849999999999
1 0.333007875 0.5462557209985315 0.02734399999999998 0.095448
1 0.3613278125 0.6211457224669603 0.041991999999999974 0.11747400000000009
1 0.37890675 0.5976501468428781 0.025389999999999968 0.05580099999999997
1 0.4326168125 0.627019441997063 0.073243 0.19089500000000004
1 0.45703075 0.5873712892804699 0.023438000000000014 0.05139500000000002
1 0.50878875 0.5785612878120411 0.024413999999999936 0.03230500000000001
1 0.5351563125 0.5697508604992657 0.025391000000000052 0.04992600000000004
1 0.6015620625 0.575623859030837 0.01757900000000001 0.027900000000000036
1 0.807617375 0.5814978649045521 0.10546900000000003 0.10866399999999998
1 0.8261720625 0.5389137165932453 0.018554999999999988 0.03524199999999998
