0 0.08221993833504625 0.573832 0.165625 0.50198
0 0.013360739979445015 0.20519066666666666 0.02875 0.021378000000000008
0 0.045220966084275435 0.2760478333333333 0.09125 0.12034800000000001
0 0.1685508735868448 0.39031566666666667 0.33875 0.39667499999999994
0 0.1141514645426516 0.22620041666666668 0.09624999999999997 0.07759300000000002
0 0.2517914953751285 0.21961908333333335 0.013749999999999997 0.03642099999999996
0 0.3779014645426516 0.3383340833333333 0.09499999999999995 0.159937
0 0.40862474306269264 0.2239645 0.019375000000000066 0.016626999999999986
0 0.4456654676258993 0.2504635 0.0881249999999999 0.07917699999999998
0 0.49049974306269273 0.24377766666666667 0.018749999999999975 0.05463100000000002
