1 0.02734375 0.4748753631039532 0.05625 0.3724200000000001
1 0.0509765625 0.4924007496339678 0.06625 0.38273900000000005
1 0.091171875 0.49530306881405567 0.090625 0.4352719999999999
1 0.1497265625 0.45936517276720346 0.06562500000000002 0.32270200000000004
1 0.34265625 0.4503269458272328 0.10249999999999998 0.342401
1 0.4593359375 0.3962242767203514 0.07687499999999997 0.21106899999999998
1 0.493828125 0.38018895754026355 0.03687500000000005 0.15947400000000003
1 0.578515625 0.37485857101024894 0.05249999999999999 0.150093
1 0.6651953125 0.3771723806734993 0.057499999999999996 0.10131299999999999
1 0.730234375 0.40997072474377744 0.10624999999999996 0.26923099999999994
1 0.890625 0.5914171610541727 0.12687499999999996 0.503753
1 0.8899609375 0.43445776134699854 0.10812499999999992 0.19981200000000002
1 0.9630078125 0.5327118111273792 0.07250000000000001 0.428706
1 0.9509375 0.3762785402635432 0.04874999999999996 0.12757999999999997
1 0.993359375 0.5052602884333821 0.011874999999999969 0.03095700000000004
