0 0.4827734375 0.5949475833333333 0.81125 0.6433340000000001
0 0.0703125 0.8629166666666667 0.140625 0.27166700000000005
0 0.083984375 0.27671875 0.16875 0.14999999999999994
0 0.151953125 0.19901075 0.06687500000000002 0.05666600000000003
0 0.18984375 0.2075520833333333 0.11875 0.06666700000000003
0 0.2996875 0.15718783333333333 0.07874999999999999 0.027499999999999986
0 0.2878125 0.16536425 0.04812499999999997 0.03916699999999999
0 0.35640625 0.20619758333333335 0.13437500000000002 0.08166699999999998
0 0.360859375 0.25125033333333335 0.10625000000000001 0.106666
0 0.5316796875 0.20994824999999998 0.195 0.10333300000000002
0 0.457734375 0.18406216666666667 0.043749999999999956 0.03833399999999998
0 0.606015625 0.1964065833333333 0.051875000000000004 0.051666000000000024
0 0.64328125 0.19473958333333333 0.07062499999999994 0.05000000000000001
0 0.80640625 0.41140625 0.384375 0.258333
0 0.711015625 0.20328091666666667 0.0824999999999999 0.06166699999999999
0 0.943125 0.24666633333333335 0.06374999999999997 0.04249999999999998
0 0.9524609375 0.27177049999999997 0.0774999999999999 0.04833400000000002
