0 0.03515625 0.6795291929824562 0.070625 0.20318299999999992
0 0.1728515625 0.6638411461988303 0.346875 0.21442000000000014
0 0.0628125 0.6399233450292398 0.11124999999999999 0.16479400000000005
0 0.1138671875 0.6192255555555556 0.022499999999999992 0.113296
0 0.13472656249999998 0.6248435555555556 0.034375 0.11142400000000002
0 0.144921875 0.6027336725146198 0.028124999999999983 0.08426899999999991
0 0.169140625 0.5999897543859649 0.020625000000000004 0.06273500000000004
0 0.210390625 0.6043757192982456 0.05124999999999999 0.07303399999999995
0 0.2381640625 0.5912178245614035 0.019375000000000003 0.044008
0 0.262890625 0.5887537543859649 0.05249999999999999 0.062734
0 0.3202734375 0.6119156140350877 0.06125000000000003 0.09737900000000001
0 0.380703125 0.6369015789473684 0.09875 0.10767800000000007
0 0.489375 0.6836852046783626 0.12687499999999996 0.19943799999999992
0 0.6828515625 0.6852615029239766 0.31499999999999995 0.37640500000000005
