0 0.5410151875 0.5190314256055363 0.14746099999999995 0.11764700000000006
0 0.35449243750000003 0.39100321799307963 0.342773 0.10726699999999996
0 0.2031253125 0.38581293425605534 0.027343000000000006 0.034601999999999994
0 0.25488231250000004 0.4065748685121108 0.057617999999999975 0.06574299999999998
0 0.35058625 0.41349476470588237 0.04003899999999999 0.06055399999999996
0 0.4667964375 0.399653830449827 0.030274000000000023 0.02768199999999998
0 0.5458988125 0.4083040380622837 0.042967999999999895 0.03460299999999998
0 0.548828 0.3875435190311418 0.03125 0.02076100000000003
0 0.60839825 0.43598666089965393 0.07128899999999994 0.05709300000000004
0 0.630859875 0.4031139342560554 0.02929599999999999 0.03287199999999993
0 0.851562375 0.46539815224913494 0.293945 0.14186800000000002
0 0.7373043125 0.4204148685121107 0.05664100000000005 0.06228399999999998
0 0.77246125 0.42041545328719726 0.041015000000000024 0.05190299999999999
0 0.8457028125 0.42906545328719725 0.07226599999999994 0.04844300000000001
0 0.9111325 0.44809666089965394 0.078125 0.05536400000000006
0 0.96191425 0.48788959515570934 0.07226500000000002 0.08996500000000002
